codmun,pharmacy,hospital,police,school,bank,embassy,tower,commercial,industrial,government,supermarket,park,primary,secondary,unpaved,paved
1,0,0,0,0,0,0,163,0,0,0,0,0,18,0,4,0
2,0,1,1,1,1,0,0,0,0,0,0,0,0,0,2,5
3,0,0,0,0,0,0,0,0,0,0,0,0,0,0,14,5
4,0,0,0,0,0,0,235,0,0,0,0,0,10,3,9,0
5,0,0,0,0,0,0,192,0,0,0,0,0,14,0,5,0
6,0,0,0,3,0,0,0,0,0,0,0,0,27,3,71,22
7,0,0,2,0,0,0,60,0,0,0,0,0,10,3,27,8
8,0,0,0,0,0,0,0,0,0,0,0,0,3,0,0,0
9,0,0,0,0,0,0,0,0,0,0,0,0,0,0,0,0
10,0,0,0,1,0,0,0,0,0,0,0,0,0,12,14,6
11,0,0,0,0,0,0,0,0,0,0,0,0,7,0,2,0
12,0,0,0,0,0,0,0,0,0,0,0,0,0,0,0,0
13,0,0,0,1,0,0,28,0,0,0,0,0,12,0,38,3
14,0,0,0,0,0,0,0,0,0,0,0,0,6,8,71,4
15,0,0,0,0,0,0,0,0,0,0,0,0,0,0,0,0
16,1,2,3,1,3,0,433,0,0,0,0,2,191,66,74,104
17,0,0,0,0,0,0,0,0,0,0,0,0,8,0,36,1
18,0,1,0,3,0,0,0,0,0,0,0,0,0,0,12,0
19,0,0,0,0,0,0,113,0,0,0,0,0,21,0,3,6
20,0,0,2,0,0,0,310,0,0,0,0,0,44,0,58,8
21,0,0,0,0,0,0,0,0,0,0,0,0,13,0,5,2
22,0,1,2,2,2,0,229,0,0,0,0,0,2,4,11,13
23,0,1,0,2,0,0,446,0,0,0,0,0,22,0,14,43
24,0,0,1,3,1,0,0,0,0,0,0,0,30,1,10,0
25,5,3,3,8,3,0,331,0,0,0,0,2,54,1,21,7
26,2,0,2,0,1,0,153,0,0,0,0,0,37,14,214,102
27,0,0,0,1,1,0,0,0,0,0,0,0,36,0,0,0
28,0,0,1,3,0,0,0,0,0,0,0,0,22,16,12,0
29,0,0,0,0,0,0,0,0,0,0,0,0,14,5,6,0
30,0,0,0,1,0,0,0,0,0,0,0,0,5,0,1,2
31,0,0,0,0,0,0,0,0,0,0,0,0,1,1,17,0
32,0,0,1,0,1,0,65,0,0,0,0,0,21,4,61,0
33,0,1,1,3,0,0,58,0,0,0,0,0,6,0,0,0
34,0,0,0,0,0,0,0,0,0,0,0,0,9,2,16,3
35,0,0,0,0,0,0,32,0,0,0,0,0,17,1,7,0
36,0,0,0,0,0,0,12,0,0,0,0,0,13,0,0,0
37,0,0,1,2,0,0,93,0,0,0,0,0,33,15,16,0
38,0,0,0,0,0,0,12,0,0,0,0,0,12,0,17,0
39,0,0,1,1,0,0,156,0,0,0,0,0,22,1,1,26
40,0,0,0,2,0,0,73,0,0,0,0,0,10,1,3,4
41,0,0,0,0,0,0,63,0,0,0,0,0,0,5,0,0
42,0,0,0,2,0,0,51,0,0,0,0,0,3,0,9,0
43,0,0,0,1,0,0,0,0,0,0,0,0,3,6,2,0
44,0,1,0,1,0,0,0,0,0,0,0,0,6,0,0,7
45,0,0,0,0,0,0,74,0,0,0,0,0,11,0,0,2
46,0,0,0,0,0,0,0,0,0,0,0,0,33,8,22,0
47,0,0,0,0,0,0,0,0,0,0,0,0,1,10,33,0
48,0,1,2,3,0,0,1422,0,0,0,0,0,31,28,17,23
49,0,0,0,1,0,0,0,0,0,0,0,0,4,0,2,4
50,0,0,0,0,0,0,0,0,0,0,0,0,3,1,0,0
51,0,0,0,0,0,0,140,0,0,0,0,0,7,0,29,0
52,0,0,0,0,0,0,0,0,0,0,0,0,3,0,3,0
53,0,0,1,1,0,0,45,0,0,0,0,0,6,0,5,0
54,0,0,1,2,0,0,0,0,0,0,0,0,16,0,88,8
55,0,0,0,0,0,0,0,0,0,0,0,0,4,0,11,4
56,2,0,0,4,2,0,231,0,0,0,0,0,5,0,0,0
57,0,0,0,0,0,0,168,0,0,0,0,0,9,1,22,2
58,0,0,0,1,0,0,358,0,0,0,0,0,8,0,3,2
59,0,0,0,0,0,0,42,0,0,0,0,0,12,0,17,0
60,0,1,0,3,0,0,5,0,0,0,0,0,12,0,1,0
61,0,0,0,0,1,0,0,0,0,0,0,0,11,0,0,0
62,0,0,0,1,0,0,0,0,0,0,0,0,13,0,9,3
63,0,0,1,0,0,0,54,0,0,0,0,0,1,1,1,0
64,0,0,0,0,0,0,0,0,0,0,0,0,16,0,0,0
65,0,0,0,3,0,0,27,0,0,0,0,0,5,7,34,3
66,0,0,0,0,0,0,0,0,0,0,0,0,4,0,23,0
67,0,0,1,30,1,0,0,0,0,0,0,0,16,5,37,0
68,12,9,8,45,13,0,427,1,0,0,0,1,95,36,116,66
69,0,3,0,5,1,0,63,0,0,0,0,2,9,17,24,1
70,0,0,0,0,0,0,19,0,0,0,0,0,4,1,0,0
71,1,0,0,0,1,0,24,0,0,0,0,0,5,0,9,0
72,0,0,0,0,0,0,422,0,0,0,0,0,19,10,6,10
73,0,0,2,1,0,0,42,0,0,0,0,0,37,0,28,7
74,0,0,0,1,0,0,14,0,0,0,0,0,10,0,7,0
75,0,0,0,0,2,0,19,0,0,0,0,0,16,3,5,3
76,0,0,0,0,0,0,110,0,0,0,0,0,23,0,0,0
77,0,0,1,0,0,0,77,0,0,0,0,0,8,2,6,0
78,0,0,0,0,0,0,0,0,0,0,0,0,7,0,19,0
79,0,0,0,0,0,0,46,0,0,0,0,0,3,0,0,0
80,0,0,0,0,0,0,152,0,0,0,0,0,14,0,38,0
81,0,0,0,0,0,0,17,0,0,0,0,0,17,0,0,1
82,0,1,0,0,0,0,149,0,0,0,0,0,9,8,1,0
83,0,0,0,0,0,0,63,0,0,0,0,0,7,0,10,0
84,0,0,0,0,0,0,43,0,0,0,0,0,10,0,4,0
85,0,0,0,0,0,0,7,0,0,0,0,0,4,0,0,0
86,0,0,0,0,0,0,0,0,0,0,0,0,3,9,7,3
87,0,1,0,0,1,0,125,0,0,0,0,0,2,4,19,0
88,0,0,0,0,0,0,0,0,0,0,0,0,0,0,7,0
89,0,0,0,6,1,0,225,0,0,0,0,0,30,5,3,3
90,0,0,0,2,0,0,42,0,0,0,0,0,10,0,2,8
91,0,0,0,1,0,0,4,0,0,0,0,0,7,10,16,3
92,0,0,0,1,0,0,0,0,0,0,0,0,4,2,2,0
93,0,0,0,0,0,0,86,0,0,0,0,0,9,0,0,0
94,0,1,0,0,0,0,419,0,0,0,0,1,32,29,32,12
95,0,0,0,2,0,0,0,0,0,0,0,0,15,5,1,17
96,0,0,0,0,0,0,294,0,0,0,0,0,37,33,19,10
97,0,0,0,0,0,0,60,0,0,0,0,0,2,1,3,0
98,0,0,1,4,0,0,67,0,0,0,0,1,17,0,27,2
99,0,0,0,0,0,0,297,0,0,0,0,0,18,0,1,5
100,0,0,0,1,0,0,58,0,0,0,0,0,17,6,1,0
101,1,0,1,0,0,0,0,0,0,0,0,0,24,6,12,0
102,0,0,0,0,0,0,60,0,0,0,0,0,13,0,57,3
103,0,1,0,4,1,0,0,0,0,0,0,0,12,8,0,0
104,0,1,0,0,0,0,538,0,0,0,0,0,5,36,27,3
105,0,0,0,0,0,0,0,0,0,0,0,0,4,0,0,0
106,0,0,0,0,0,0,81,0,0,0,0,0,4,0,1,5
107,0,1,0,0,1,0,0,0,0,0,0,0,9,2,11,11
108,0,0,0,0,0,0,240,0,0,0,0,0,17,13,3,0
109,0,0,2,2,0,0,107,0,0,0,0,0,41,0,0,0
110,0,0,1,1,0,0,38,0,0,0,0,0,11,3,39,0
111,0,0,0,0,0,0,0,0,0,0,0,0,13,0,0,0
112,0,0,1,0,0,0,130,0,0,0,0,0,16,0,29,0
113,0,0,0,2,0,0,69,0,0,0,0,0,15,0,0,2
114,0,0,0,1,0,0,143,0,0,0,0,0,23,0,4,15
115,0,0,0,2,0,0,62,0,0,0,0,2,14,0,18,2
116,0,0,0,0,0,0,26,0,0,0,0,0,21,0,2,11
117,0,0,0,1,0,0,16,0,0,0,0,0,0,7,1,0
118,0,1,0,2,0,0,12,0,0,0,0,0,9,9,3,0
119,0,0,0,2,0,0,0,0,0,0,0,0,4,0,16,0
120,0,1,0,1,0,0,162,0,0,0,0,0,7,9,56,1
121,0,0,0,0,0,0,0,0,0,0,0,0,8,0,32,0
122,0,2,2,3,0,0,235,0,0,0,0,0,26,4,8,2
123,0,1,1,6,1,0,240,0,0,0,0,0,23,5,3,20
124,0,0,0,0,0,0,134,0,0,0,0,0,5,0,32,4
125,0,0,0,0,0,0,110,0,0,0,0,0,13,14,87,0
126,0,1,2,3,1,0,0,0,0,0,0,0,0,0,17,0
127,1,1,1,3,1,0,455,0,0,0,0,0,9,5,51,26
128,0,0,5,1,2,0,0,0,0,0,0,0,0,0,20,0
129,0,0,0,0,0,0,77,0,0,0,0,0,0,0,1,0
130,null,null,null,null,null,null,null,null,null,null,null,null,null,null,null,null
131,0,0,0,0,0,0,124,0,0,0,0,0,0,0,21,0
132,7,1,6,9,1,0,0,0,0,0,0,0,20,8,41,3
133,0,1,0,0,0,0,227,0,0,0,0,0,0,0,170,0
134,1,1,2,3,2,0,272,0,0,0,0,0,5,0,11,5
135,0,0,0,0,0,0,73,0,0,0,0,0,5,0,21,5
136,0,0,1,2,0,0,95,0,0,0,0,0,25,5,90,21
137,0,0,0,0,0,0,0,0,0,0,0,0,0,0,19,0
138,0,0,0,1,0,0,194,0,0,0,0,0,5,12,3,4
139,0,0,0,0,0,0,0,0,0,0,0,0,0,0,49,0
140,0,0,0,2,1,0,0,0,0,0,0,0,0,0,0,0
141,0,1,0,3,0,0,0,0,0,0,0,1,0,0,0,0
142,0,0,0,0,0,0,0,0,0,0,0,0,0,0,0,0
143,0,0,0,0,0,0,0,0,0,0,0,0,0,0,28,0
144,0,0,0,0,0,0,0,0,10,0,0,0,1,25,59,0
145,0,0,0,1,0,0,0,0,0,0,0,0,0,0,0,0
146,0,0,0,1,0,0,0,0,0,0,0,0,1,0,3,0
147,0,0,0,0,0,0,0,0,0,0,0,0,0,0,8,2
148,0,0,0,0,0,0,0,0,0,0,0,0,0,0,0,0
149,0,0,0,2,0,0,0,0,0,0,0,0,0,3,0,0
150,0,0,0,1,0,0,0,0,0,0,0,1,14,0,14,1
151,0,0,0,0,0,0,0,0,0,0,0,0,0,0,0,0
152,0,0,0,0,0,0,0,0,0,0,0,0,0,4,12,4
153,0,0,0,0,0,0,0,0,0,0,0,0,0,0,5,1
154,0,0,0,0,0,0,0,0,0,0,0,0,0,0,0,0
155,0,0,0,0,0,0,0,0,0,0,0,0,4,6,33,0
156,0,0,0,0,0,0,0,0,0,0,0,0,0,0,17,2
157,0,0,1,0,0,0,0,0,0,0,0,0,8,0,0,0
158,0,0,0,0,0,0,0,0,0,0,0,0,12,1,12,1
159,8,7,2,2,1,0,0,0,0,0,0,0,0,21,110,95
160,0,0,0,0,0,0,0,0,0,0,0,1,0,0,95,0
161,0,0,0,0,0,0,0,0,0,0,0,0,0,0,1,0
162,0,0,0,0,0,0,0,0,0,0,0,0,0,0,0,0
163,0,1,0,2,2,0,0,0,0,0,0,0,0,0,14,0
164,0,1,0,1,0,0,0,0,0,0,0,0,3,1,42,12
165,0,0,0,1,1,0,0,0,0,0,0,0,41,11,42,0
166,0,0,0,1,0,0,0,0,0,0,0,0,0,0,0,0
167,0,0,0,1,0,0,184,0,0,0,0,8,34,0,12,4
168,0,0,0,1,0,0,106,0,0,0,0,0,0,25,26,1
169,0,0,0,0,0,0,0,0,0,0,0,0,0,0,0,0
170,0,0,0,0,0,0,0,0,0,0,0,0,0,0,0,0
171,0,0,0,0,0,0,0,0,0,0,0,0,0,0,0,0
172,0,0,0,0,1,0,0,0,0,0,0,0,0,0,2,0
173,0,0,0,0,0,0,0,0,0,0,0,0,5,2,22,0
174,0,1,1,1,2,0,178,0,0,0,0,1,19,3,23,11
175,0,0,0,0,0,0,0,0,0,0,0,0,3,2,9,2
176,0,0,0,0,0,0,0,0,0,0,0,0,3,11,35,1
177,0,0,0,0,0,0,0,0,0,0,0,0,0,0,0,0
178,66,49,37,374,61,1,2400,7,76,2,0,3,71,576,139,64
179,0,0,0,0,0,0,84,0,0,0,0,0,0,0,3,0
180,0,0,0,0,0,0,0,0,0,0,0,0,0,0,6,0
181,0,0,0,0,0,0,0,0,0,0,0,0,0,0,0,0
182,0,0,0,0,0,0,0,0,0,0,0,0,0,12,13,0
183,0,1,0,4,0,0,32,5,0,0,0,0,0,0,19,0
184,0,0,0,1,0,0,0,0,0,0,0,0,0,0,0,0
185,0,4,4,10,2,0,313,0,1,0,0,0,26,21,42,9
186,0,0,0,1,1,0,238,0,0,0,0,0,2,13,18,3
187,0,1,0,0,1,0,0,0,0,0,0,0,10,0,29,152
188,0,0,0,1,1,0,0,0,0,0,0,0,0,0,15,0
189,0,0,0,0,3,0,0,0,0,0,0,0,0,12,26,0
190,1,0,1,3,1,0,0,0,0,0,0,0,0,0,18,2
191,0,0,0,0,0,0,0,0,0,0,0,0,0,0,8,0
192,0,0,0,0,0,0,161,0,0,0,0,0,0,4,0,0
193,0,1,0,1,0,0,17,0,0,0,0,0,0,0,0,0
194,0,0,0,0,0,0,0,0,0,0,0,0,0,0,0,0
195,0,1,1,1,1,0,0,0,0,0,0,0,0,0,0,0
196,1,0,1,2,1,0,0,0,0,0,0,0,0,0,0,0
197,0,0,0,0,0,0,0,0,0,0,0,0,0,0,0,0
198,0,1,0,1,0,0,171,0,0,0,0,0,0,0,0,0
199,0,1,0,1,0,0,0,0,0,0,0,0,0,0,1,0
200,0,1,0,3,0,0,0,0,0,0,0,0,0,3,0,0
201,0,1,1,7,1,0,0,0,0,0,0,0,1,0,2,0
202,0,0,0,0,0,0,0,0,0,0,0,0,22,3,3,19
203,0,2,2,4,1,0,113,0,0,0,0,0,0,3,55,0
204,0,2,1,9,1,0,46,0,0,0,0,0,7,1,0,0
205,0,2,0,2,0,0,0,0,0,0,0,0,4,1,62,0
206,0,1,0,2,0,0,47,0,0,0,0,0,6,1,0,2
207,4,2,2,4,0,0,693,0,0,0,0,0,56,41,6,8
208,2,1,0,0,2,0,35,0,0,0,0,0,25,0,87,22
209,0,2,0,4,0,0,0,0,0,0,0,0,1,2,0,1
210,0,0,0,0,0,0,150,0,0,0,0,0,4,0,2,0
211,0,1,1,1,1,0,277,0,0,0,0,0,1,6,0,0
212,1,0,0,0,2,0,121,0,0,0,0,0,12,5,6,4
213,0,0,0,0,0,0,122,0,0,0,0,0,4,0,0,2
214,0,0,0,0,0,0,50,0,0,0,0,0,23,0,8,0
215,0,2,1,4,1,0,152,0,0,0,0,0,2,4,15,0
216,0,1,1,5,1,0,239,0,0,0,0,0,7,0,115,0
217,1,0,3,0,0,0,0,0,0,0,0,1,8,3,6,18
218,0,1,1,1,0,0,0,0,0,0,0,0,0,1,0,0
219,0,2,0,5,0,0,126,0,0,0,0,0,11,0,0,0
220,0,0,0,0,0,0,162,0,0,0,0,0,17,9,36,106
221,0,1,1,4,0,0,0,0,0,0,0,0,8,0,0,0
222,0,0,1,3,0,0,0,0,0,0,0,0,7,4,0,0
223,0,0,0,4,0,0,403,0,0,0,0,0,7,0,1,0
224,0,0,0,0,0,0,200,0,0,0,0,0,14,10,2,0
225,0,2,0,0,0,0,0,0,0,0,0,0,0,16,88,1
226,0,0,0,0,0,0,0,0,0,0,0,0,3,0,20,0
227,0,0,0,3,0,0,8,0,0,0,0,0,1,1,2,0
228,0,1,0,3,0,0,0,0,0,0,0,0,0,0,0,0
229,0,0,0,2,0,0,14,0,0,0,0,0,4,0,0,0
230,0,2,0,3,0,0,148,0,0,0,0,0,0,0,5,0
231,0,0,1,6,1,0,278,0,0,0,0,0,1,4,35,0
232,0,0,0,0,0,0,20,0,0,0,0,0,15,6,1,3
233,0,0,0,0,1,0,77,0,0,0,0,0,0,4,14,0
234,0,0,0,0,0,0,0,0,0,0,0,0,21,2,6,0
235,1,0,0,0,0,0,43,0,0,0,0,0,17,36,110,85
236,0,0,0,0,0,0,33,0,0,0,0,0,5,7,5,0
237,0,2,0,1,0,0,67,0,0,0,0,0,1,0,0,1
238,0,0,0,0,0,0,19,0,0,0,0,0,12,2,30,3
239,24,3,5,6,2,0,2200,0,0,0,0,1,212,100,3315,47
240,0,1,0,3,1,0,0,0,0,0,0,0,13,2,1,0
241,0,0,0,0,0,0,15,0,0,0,0,0,1,0,0,0
242,0,0,0,0,0,0,60,0,0,0,0,0,0,13,12,0
243,0,0,0,0,0,0,0,0,0,0,0,0,1,2,3,0
244,0,2,0,4,1,0,0,0,0,0,0,0,3,0,5,0
245,0,0,0,0,0,0,79,0,0,0,0,0,5,5,9,71
246,0,0,0,0,0,0,50,0,0,0,0,0,5,0,0,1
247,0,0,0,0,0,0,1551,0,0,0,0,0,25,18,23,21
248,0,3,1,4,0,0,0,0,0,0,0,0,4,7,1,0
249,0,0,0,0,0,0,0,0,0,0,0,0,4,1,0,0
250,1,2,1,4,0,0,73,0,0,0,0,0,15,0,5,0
251,0,0,0,0,0,0,212,0,0,0,0,0,2,6,0,1
252,0,1,1,3,0,0,0,0,0,0,0,0,12,4,0,2
253,0,1,1,4,0,0,8,0,0,0,0,0,3,0,0,0
254,0,0,0,3,0,0,27,0,0,0,0,0,12,2,20,0
255,0,0,0,0,0,0,156,0,0,0,0,0,5,0,0,0
256,20,4,3,9,4,0,374,0,0,0,0,0,47,34,63,28
257,0,1,0,2,1,0,0,0,0,0,0,0,0,0,9,0
258,0,0,0,0,0,0,128,0,0,0,0,0,1,0,19,0
259,0,0,0,0,0,0,0,0,0,0,0,0,4,35,0,22
260,0,0,0,1,1,0,138,0,0,0,0,0,11,1,0,0
261,0,0,0,0,0,0,0,0,0,0,0,0,3,1,0,0
262,0,0,0,0,0,0,0,0,0,0,0,0,2,1,19,6
263,0,1,1,2,0,0,144,0,0,0,0,0,4,0,14,0
264,0,0,0,0,0,0,0,0,0,0,0,0,0,0,2,0
265,6,1,1,2,2,0,112,0,0,0,0,0,21,8,0,4
266,0,0,0,0,0,0,14,0,0,0,0,0,0,13,3,0
267,20,0,0,12,2,0,659,1,0,0,0,0,38,86,7,119
268,0,2,2,6,1,0,253,0,0,0,0,0,1,0,0,0
269,null,null,null,null,null,null,null,null,null,null,null,null,null,null,null,null
270,0,0,0,0,0,0,4,0,0,0,0,0,5,8,1,0
271,8,1,8,8,1,1,241,0,0,0,0,0,10,0,51,20
272,0,0,1,0,0,0,247,0,0,0,0,0,4,1,8,35
273,0,0,0,0,0,0,0,0,0,0,0,0,7,0,2,0
274,0,0,0,0,0,0,0,0,0,0,0,0,3,11,501,19
275,0,1,0,1,0,0,205,0,0,0,0,0,16,10,0,6
276,0,0,0,0,0,0,0,0,0,0,0,0,3,6,3,0
277,0,0,0,0,0,0,0,0,0,0,0,0,7,1,1,0
278,0,0,0,0,0,0,0,0,0,0,0,0,0,1,0,0
279,0,2,0,3,0,0,0,0,0,0,0,0,4,0,0,0
280,0,0,1,0,0,0,355,0,0,0,0,0,31,25,15,0
281,0,1,0,1,0,0,0,0,0,0,0,0,2,7,72,41
282,0,0,0,0,0,0,0,0,0,0,0,0,22,1,33,0
283,0,2,1,5,1,0,0,0,0,0,0,0,21,3,4,9
284,0,0,0,0,0,0,0,0,0,0,0,0,2,1,0,0
285,0,0,1,0,4,0,0,0,0,0,0,0,36,0,2,32
286,0,0,0,1,0,0,82,0,0,0,0,0,25,0,0,10
287,1,1,0,2,2,0,0,0,0,0,0,0,0,9,21,8
288,0,0,0,3,1,0,39,0,0,0,0,0,4,0,0,0
289,0,0,0,1,0,0,0,0,0,0,0,0,19,2,25,6
290,0,0,0,0,0,0,1317,0,0,0,0,0,18,1,1,2
291,0,2,0,1,0,0,135,0,0,0,0,0,10,0,4,0
292,0,0,0,0,0,0,126,0,0,0,0,0,2,7,39,1
293,0,0,0,1,0,0,567,0,0,0,0,0,10,0,0,11
294,0,1,1,3,0,0,0,0,0,0,0,0,9,0,0,0
295,0,0,0,0,0,0,235,0,0,0,0,0,6,7,0,0
296,0,1,0,3,0,0,275,0,0,0,0,0,7,4,49,7
297,0,0,0,0,0,0,40,0,0,0,0,0,6,1,1,0
298,0,0,0,0,0,0,0,0,0,0,0,0,9,0,0,0
299,0,0,0,0,0,0,200,0,0,0,0,0,3,11,43,1
300,0,1,0,1,0,0,106,0,0,0,0,0,8,1,1,1
301,0,1,1,4,0,0,123,0,0,0,0,0,5,0,8,0
302,1,1,2,16,1,0,203,3,1,0,0,2,16,24,226,10
303,0,0,0,0,0,0,14,0,0,0,0,0,5,0,0,0
304,0,0,0,0,0,0,17,0,0,0,0,0,0,0,9,2
305,0,0,0,0,0,0,0,0,0,0,0,0,2,1,0,0
306,1,0,1,0,0,0,16,0,0,0,0,0,16,6,4,0
307,0,0,0,0,0,0,0,0,0,0,0,0,6,0,1,1
308,0,0,0,0,0,0,0,0,0,0,0,0,9,1,0,0
309,0,1,0,1,0,0,0,0,0,0,0,0,6,2,22,0
310,0,0,0,0,0,0,5,0,0,0,0,0,9,0,2,0
311,0,1,0,3,0,0,0,0,0,0,0,0,1,0,17,1
312,1,0,1,0,0,0,1985,0,0,0,0,0,35,7,176,1
313,1,0,0,7,1,0,0,0,0,0,0,0,3,3,18,1
314,0,1,1,3,0,0,0,0,0,0,0,0,3,0,0,1
315,0,0,0,0,0,0,0,0,0,0,0,0,6,0,0,0
316,0,0,0,0,0,0,28,0,0,0,0,0,5,0,9,0
317,15,4,2,17,5,0,185,0,0,0,0,1,2,10,120,11
318,0,1,0,2,0,0,506,0,0,0,0,0,3,12,48,20
319,0,0,0,0,0,0,75,0,0,0,0,0,6,2,0,2
320,0,1,0,0,1,0,505,0,0,0,0,0,37,41,70,2
321,0,0,0,2,2,0,0,0,0,0,0,0,15,3,0,0
322,0,0,1,0,0,0,20,0,0,0,0,0,0,0,0,0
323,0,0,0,1,0,0,21,0,0,0,0,0,6,0,2,0
324,0,0,1,0,0,0,0,0,0,0,0,0,8,9,56,1
325,0,0,2,0,0,0,68,0,0,0,0,0,24,9,41,12
326,0,0,0,3,1,0,72,0,0,0,0,0,15,3,1,0
327,0,0,0,0,0,0,174,0,0,0,0,0,9,0,16,0
328,9,5,4,8,7,0,249,0,0,0,0,0,11,10,15,12
329,0,0,0,0,0,0,0,0,0,0,0,0,2,0,4,0
330,0,0,0,0,0,0,0,0,0,0,0,0,0,0,11,0
331,34,14,5,32,14,0,525,0,0,0,0,2,131,18,21,25
332,0,2,1,1,0,0,104,0,0,0,0,0,8,0,0,0
333,0,1,1,2,0,0,74,0,0,0,0,0,12,0,0,5
334,0,1,0,2,1,0,0,0,0,0,0,0,9,7,0,0
335,0,0,0,0,0,0,0,0,0,0,0,0,21,1,998,0
336,0,0,1,0,0,0,21,0,0,0,0,0,5,3,3,0
337,0,1,0,3,1,0,0,0,0,0,0,0,6,0,28,35
338,0,0,0,0,0,0,5,0,0,0,0,0,9,3,0,1
339,0,0,0,0,0,0,363,0,0,0,0,0,6,1,10,0
340,0,1,0,4,0,0,93,0,0,0,0,0,0,0,1,0
341,0,1,0,2,1,0,117,0,0,0,0,0,1,2,5,3
342,0,0,0,2,0,0,0,0,0,0,0,0,1,1,1,0
343,14,12,3,5,6,0,328,0,0,0,0,0,159,198,64,65
344,0,1,1,2,2,0,0,0,0,0,0,0,5,19,178,47
345,0,1,0,1,0,0,184,0,0,0,0,0,6,0,11,0
346,0,0,0,0,0,0,208,0,0,0,0,0,8,0,2,0
347,0,1,0,2,0,0,0,0,0,0,0,0,13,0,0,0
348,0,0,0,0,0,0,20,0,0,0,0,0,1,0,0,0
349,0,0,0,0,0,0,137,0,0,0,0,1,6,2,18,0
350,0,1,0,5,1,0,153,0,0,0,0,0,5,0,0,5
351,0,0,0,0,0,0,221,0,0,0,0,0,12,0,0,0
352,0,0,0,0,0,0,0,0,0,0,0,0,2,2,0,4
353,0,0,0,0,0,0,33,0,0,0,0,0,4,2,0,2
354,0,0,0,0,0,0,0,0,0,0,0,0,3,2,6,1
355,2,0,1,0,2,0,40,0,0,0,0,0,2,3,9,1
356,0,0,0,0,0,0,180,0,0,0,0,0,3,0,1,0
357,0,0,0,0,0,0,0,0,0,0,0,0,14,0,9,16
358,0,1,0,3,1,0,161,0,0,0,0,0,3,1,8,0
359,1,0,1,0,0,0,0,0,0,0,0,0,19,3,5,0
360,0,1,1,2,0,0,0,0,0,0,0,0,4,7,4,2
361,0,2,0,1,0,0,416,0,0,0,0,0,6,5,2,0
362,null,null,null,null,null,null,null,null,null,null,null,null,null,null,null,null
363,0,0,0,0,0,0,24,0,0,0,0,0,3,0,3,1
364,1,0,2,0,4,0,231,0,0,0,0,0,81,43,60,58
365,0,1,0,0,0,0,561,0,0,0,0,0,17,0,1,3
366,0,4,0,3,0,0,0,0,0,0,0,0,2,0,2,0
367,0,0,0,0,0,0,179,0,0,0,0,0,10,5,0,3
368,0,0,0,0,0,0,0,0,0,0,0,0,28,1,4,0
369,0,0,0,0,0,0,29,0,0,0,0,0,4,0,0,0
370,0,1,0,2,0,0,2,0,0,0,0,0,4,0,11,4
371,0,0,0,1,0,0,188,0,0,0,0,0,3,9,12,10
372,0,1,0,1,0,0,0,0,0,0,0,1,1,1,1,0
373,0,0,0,0,0,0,0,0,0,0,0,0,9,0,0,0
374,1,2,0,13,3,0,335,0,0,0,0,3,24,7,11,0
375,0,0,0,0,0,0,125,0,0,0,0,0,1,0,3,0
376,1,1,0,1,4,0,214,0,0,0,0,0,36,33,2,8
377,0,0,2,0,0,0,143,0,0,0,0,0,41,4,0,26
378,0,1,2,0,2,0,0,0,0,0,0,0,14,0,11,8
379,0,0,0,0,0,0,0,0,0,0,0,0,11,10,2,0
380,0,0,0,0,0,0,96,0,0,0,0,0,5,7,0,3
381,0,0,0,0,0,0,43,0,0,0,0,0,0,8,11,12
382,0,0,0,1,0,0,0,0,0,0,0,0,2,0,0,0
383,0,0,0,0,0,0,563,0,0,0,0,0,6,2,20,0
384,0,0,0,0,0,0,110,0,0,0,0,0,1,4,0,1
385,0,0,0,0,0,0,55,0,0,0,0,0,14,0,23,0
386,5,1,2,1,0,0,312,0,0,0,0,0,6,24,57,71
387,0,1,1,3,0,0,0,0,0,0,0,0,1,0,0,0
388,0,0,0,0,0,0,140,0,0,0,0,0,17,2,7,0
389,0,0,0,2,0,0,111,0,0,0,0,0,5,3,1,0
390,0,0,0,0,0,0,0,0,0,0,0,1,7,1,172,0
391,0,0,0,0,1,0,27,0,0,0,0,0,3,2,0,3
392,0,1,0,3,0,0,0,0,0,0,0,0,0,0,0,0
393,0,0,0,0,1,0,183,0,0,0,0,0,3,3,3,2
394,17,1,4,5,5,0,290,0,0,0,0,0,62,39,81,14
395,0,0,1,0,0,0,194,0,0,0,0,0,12,0,63,4
396,0,0,0,0,0,0,2,0,0,0,0,0,3,0,0,0
397,0,1,1,2,0,0,0,0,0,0,0,0,2,0,0,2
398,0,0,0,0,0,0,37,0,0,0,0,0,9,1,23,19
399,0,0,1,0,0,0,43,0,0,0,0,0,10,0,32,8
400,0,0,0,0,0,0,375,0,0,0,0,0,10,0,7,10
401,0,2,1,4,0,0,0,0,0,0,0,0,6,0,0,0
402,0,0,0,0,0,0,51,0,0,0,0,0,7,3,7,10
403,0,0,0,0,0,0,57,0,0,0,0,0,20,6,4,0
404,0,0,0,0,0,0,0,0,0,0,0,0,1,0,4,0
405,0,0,0,0,1,0,0,0,0,0,0,0,0,8,13,2
406,0,0,0,0,0,0,411,0,0,0,0,0,5,10,145,2
407,0,0,0,0,0,0,0,0,0,0,0,0,14,3,0,0
408,0,0,1,1,0,0,184,0,0,0,0,0,44,14,13,9
409,0,0,0,0,0,0,120,0,0,0,0,0,10,0,2,13
410,0,0,0,0,0,0,178,0,0,0,0,0,14,0,7,5
411,0,1,0,3,0,0,37,0,0,0,0,0,8,0,3,8
412,0,0,0,2,0,0,0,0,0,0,0,0,6,4,7,0
413,0,0,2,1,0,0,324,0,0,0,0,0,51,30,7,54
414,0,3,2,4,1,0,1,0,0,0,0,0,11,5,3,2
415,2,2,2,4,3,0,661,0,0,0,0,0,7,8,49,0
416,0,0,0,0,0,0,35,0,0,0,0,0,6,0,0,3
417,0,1,0,1,0,0,207,0,0,0,0,0,5,13,0,0
418,1,1,2,4,5,0,2510,0,0,0,0,0,106,55,101,67
419,0,0,0,1,0,0,0,0,0,0,0,0,1,16,86,1
420,0,1,0,1,0,0,87,0,0,0,0,0,0,1,0,0
421,0,1,0,0,0,0,53,0,0,0,0,0,1,0,0,0
422,0,0,0,0,0,0,14,0,0,0,0,0,11,21,1,0
423,0,0,0,2,0,0,0,0,0,0,0,0,2,0,0,0
424,0,0,1,3,1,0,0,0,0,0,0,0,14,1,0,3
425,0,0,0,0,0,0,0,0,0,0,0,0,6,5,5,0
426,0,0,1,2,0,0,193,0,0,0,0,0,10,0,0,1
427,0,0,0,2,0,0,0,0,0,0,0,0,2,0,0,0
428,0,0,0,0,0,0,59,0,0,0,0,0,7,0,27,9
429,0,2,1,4,0,0,42,0,0,0,0,0,0,2,0,0
430,0,0,0,0,0,0,108,0,0,0,0,0,5,8,30,0
431,6,1,0,2,10,0,132,1,0,0,0,0,1,12,19,34
432,1,1,2,0,0,0,91,0,0,0,0,0,12,4,12,6
433,0,0,0,0,0,0,175,0,0,0,0,0,10,0,0,0
434,14,3,2,27,3,0,111,0,0,0,0,0,30,37,403,254
435,7,0,0,0,1,0,42,0,0,0,0,1,15,9,21,2
436,0,0,0,0,0,0,0,0,0,0,0,0,6,0,1,6
437,0,0,0,0,0,0,130,0,0,0,0,0,11,0,1,0
438,0,0,0,0,0,0,395,0,0,0,0,0,6,1,5,0
439,null,null,null,null,null,null,null,null,null,null,null,null,null,null,null,null
440,0,0,0,0,0,0,25,0,0,0,0,0,7,0,0,0
441,0,0,0,0,0,0,66,0,0,0,0,0,2,1,0,0
442,0,2,0,3,0,0,7,0,0,0,0,0,11,6,4,21
443,0,0,0,0,0,0,175,0,0,0,0,0,6,1,7,0
444,0,0,0,1,0,0,280,0,0,0,0,0,19,5,24,0
445,0,0,0,2,0,0,0,0,0,0,0,0,2,0,0,0
446,0,1,0,4,0,0,0,0,0,0,0,0,0,1,12,0
447,0,0,0,0,0,0,0,0,0,0,0,0,1,0,12,0
448,1,0,0,1,0,0,69,0,0,0,0,0,27,6,0,1
449,0,0,0,0,0,0,11,0,0,0,0,0,2,0,2,2
450,0,3,1,6,0,0,19,0,0,0,0,0,3,2,0,0
451,0,0,0,0,0,0,114,0,0,0,0,0,4,0,48,10
452,3,0,3,4,3,0,71,0,0,0,0,0,8,11,17,23
453,0,3,0,5,1,0,60,0,0,0,0,0,4,5,6,1
454,0,0,0,0,0,0,65,0,0,0,0,0,7,14,184,9
455,0,0,0,0,0,0,257,0,0,0,0,0,0,14,0,0
456,1,0,1,0,0,0,104,0,0,0,0,0,2,0,1,0
457,0,3,2,9,1,0,42,0,0,0,null,0,1,1,2,0
458,0,1,1,4,0,0,0,0,0,0,0,0,0,0,3,3
459,0,0,0,0,0,0,0,0,0,0,0,0,19,3,80,0
460,0,0,0,0,0,0,0,0,0,0,0,0,0,5,1,4
461,0,1,0,3,1,0,643,0,0,0,0,0,19,6,1,0
462,0,0,0,0,0,0,0,0,0,0,0,1,4,27,5,2
463,0,0,0,1,1,0,0,0,0,0,0,1,10,0,18,2
464,0,0,0,0,0,0,58,0,0,0,0,0,14,0,332,58
465,0,0,0,0,0,0,0,0,0,0,0,0,2,0,19,0
466,0,0,0,0,0,0,39,0,0,0,0,0,6,1,0,0
467,0,1,1,3,0,0,39,0,0,0,0,0,5,0,0,0
468,0,1,0,2,0,0,0,0,0,0,0,0,25,0,7,0
469,0,1,0,1,1,0,165,0,0,0,0,0,0,6,63,18
470,0,0,0,0,0,0,14,0,0,0,0,0,3,0,5,1
471,0,0,0,0,0,0,83,0,0,0,0,0,18,0,1,0
472,0,1,1,1,1,0,28,0,0,0,0,0,8,3,40,13
473,0,0,1,4,0,0,65,0,0,0,0,0,2,1,6,0
474,0,0,1,4,0,0,0,0,0,0,0,0,3,2,1,1
475,0,0,0,0,0,0,0,0,0,0,0,0,11,0,3,0
476,0,0,0,0,0,0,83,0,0,0,0,0,4,7,0,0
477,0,0,0,0,0,0,58,0,0,0,0,0,1,0,0,0
478,0,0,0,1,0,0,0,0,0,0,0,0,1,0,0,0
479,0,0,0,1,0,0,39,0,0,0,0,1,15,3,5,0
480,null,null,null,null,null,null,null,null,null,null,null,null,null,null,null,null
481,0,0,0,0,0,0,0,0,0,0,0,0,4,0,4,0
482,0,1,1,4,0,0,0,0,0,0,0,0,0,0,26,0
483,0,0,0,0,0,0,342,0,0,0,0,0,11,0,2,0
484,0,0,0,0,0,0,253,0,0,0,0,0,21,4,20,3
485,0,0,0,0,0,0,0,0,0,0,0,0,1,0,0,0
486,0,0,0,0,0,0,114,0,0,0,0,0,3,3,6,1
487,0,0,0,0,0,0,0,0,0,0,0,0,2,0,0,0
488,0,0,0,0,0,0,2,0,0,0,0,0,5,21,1,2
489,0,0,0,2,1,0,0,0,0,0,0,0,6,5,23,0
490,0,1,0,1,0,0,0,0,0,0,0,0,12,4,2,0
491,0,0,0,0,0,0,306,0,0,0,0,0,12,0,34,0
492,0,0,0,0,0,0,80,0,0,0,0,0,3,0,84,0
493,0,0,0,0,0,0,0,0,0,0,0,0,1,0,2,1
494,0,1,4,4,8,0,687,0,0,0,0,0,24,14,15,15
495,0,0,0,0,0,0,0,0,0,0,0,0,0,0,0,0
496,0,0,0,3,1,0,0,0,0,0,0,0,10,0,54,0
497,0,1,0,0,0,0,0,0,0,0,0,0,10,2,3,0
498,0,0,0,0,0,0,0,0,0,0,0,0,12,5,185,6
499,0,1,0,0,0,0,206,0,0,0,0,0,9,0,3,38
500,0,0,0,0,0,0,177,0,0,0,0,0,8,0,4,2
501,0,1,0,1,0,0,0,0,0,0,0,0,1,10,0,0
502,0,0,1,5,0,0,0,0,0,0,0,0,1,0,26,1
503,0,0,0,0,0,0,0,0,0,0,0,0,6,1,0,0
504,0,0,1,0,1,0,177,0,0,0,0,0,14,4,0,0
505,0,2,1,4,1,0,66,0,0,0,0,0,2,1,6,0
506,0,0,0,0,0,0,40,0,0,0,0,0,8,0,0,0
507,0,0,2,0,0,0,176,0,0,0,0,0,5,6,7,0
508,0,0,0,0,0,0,274,0,0,0,0,0,31,1,0,16
509,0,0,0,0,0,0,5,0,0,0,0,0,2,1,2,0
510,1,0,0,1,1,0,0,0,0,0,0,0,1,25,2,11
511,0,0,0,0,0,0,0,0,0,0,0,0,13,1,0,2
512,0,0,0,1,0,0,0,0,0,0,0,0,0,7,39,0
513,0,1,0,0,0,0,20,0,0,0,0,0,4,16,47,0
514,0,0,0,0,0,0,66,0,0,0,0,0,1,5,0,1
515,0,1,0,2,0,0,89,0,0,0,0,0,0,0,34,0
516,0,0,0,0,0,0,189,0,0,0,0,0,9,2,7,0
517,0,0,0,2,0,0,27,0,0,0,0,2,3,3,67,2
518,0,0,0,0,0,0,0,0,0,0,0,0,3,0,24,0
519,0,0,0,0,0,0,0,0,0,0,0,0,11,0,18,4
520,0,2,0,5,0,0,186,0,0,0,0,0,16,6,21,9
521,0,2,0,9,0,0,68,0,0,0,0,0,3,0,13,0
522,0,0,1,1,0,0,398,0,0,0,0,0,13,0,485,0
523,0,0,0,0,0,0,69,0,0,0,0,0,11,0,18,1
524,0,0,0,0,0,0,539,0,0,0,0,0,8,0,2,5
525,0,0,0,2,0,0,319,0,0,0,0,0,5,0,2,0
526,0,1,1,0,1,0,653,0,0,0,0,0,18,9,12,9
527,0,0,0,0,0,0,0,0,0,0,0,0,0,5,6,0
528,3,1,2,1,0,0,41,0,0,0,0,0,26,12,8,5
529,0,0,0,0,0,0,175,0,0,0,0,0,18,4,25,9
530,0,0,0,0,0,0,0,0,0,0,0,0,4,2,0,0
531,0,0,0,0,0,0,87,0,0,0,0,0,10,0,29,2
532,0,0,0,2,1,0,301,0,0,0,0,0,7,0,8,0
533,0,0,0,0,0,0,0,0,0,0,0,0,15,6,50,14
534,0,0,0,0,0,0,0,0,0,0,0,0,7,0,24,0
535,2,0,1,0,1,0,1563,0,0,0,0,0,38,24,1520,3
536,0,1,1,3,0,0,0,0,0,0,0,0,7,0,0,0
537,1,0,0,0,0,0,288,0,0,0,0,0,14,0,7,1
538,2,1,1,4,1,0,21,0,0,0,0,0,9,3,31,7
539,0,0,0,0,0,0,121,0,0,0,0,0,1,0,6,0
540,0,0,0,0,0,0,91,0,0,0,0,0,8,7,0,0
541,0,1,0,7,0,0,62,0,0,0,0,0,7,1,0,0
542,1,0,1,2,1,0,137,0,0,0,0,0,10,6,11,1
543,1,0,1,1,0,0,0,0,0,0,0,0,0,0,7,0
544,0,0,1,3,0,0,0,0,0,0,0,0,9,0,3,3
545,0,0,0,1,0,0,79,0,0,0,0,0,1,0,9,21
546,0,0,0,3,0,0,289,0,0,0,0,0,29,10,93,20
547,0,0,0,1,0,0,221,0,0,0,0,0,14,0,5,3
548,0,0,1,2,0,0,0,0,0,0,0,0,1,1,0,0
549,110,23,18,128,110,5,945,2,0,0,0,7,432,586,56,236
550,0,0,0,0,0,0,86,0,0,0,0,0,1,0,0,0
551,0,0,0,0,0,0,393,0,0,0,0,0,4,0,14,0
552,0,0,0,1,0,0,0,0,0,0,0,0,0,15,31,6
553,0,0,0,0,0,0,4,0,0,0,0,0,8,0,0,2
554,0,3,0,6,0,0,0,0,0,0,0,0,18,0,11,9
555,0,0,0,0,0,0,108,0,0,0,0,0,2,0,2,0
556,0,0,0,2,3,0,173,0,0,0,0,4,25,0,42,4
557,1,0,0,1,0,0,44,0,0,0,0,0,8,8,36,2
558,0,1,0,2,0,0,41,0,0,0,0,0,4,4,92,0
559,0,0,0,0,0,0,167,0,0,0,0,0,7,17,31,5
560,0,0,0,3,0,0,0,0,0,0,0,0,1,0,0,0
561,0,0,0,0,0,0,13,0,0,0,0,0,8,4,12,1
562,null,null,null,null,null,null,null,null,null,null,null,null,null,null,null,null
563,0,0,0,0,0,0,184,0,0,0,0,0,14,4,6,29
564,0,0,0,0,0,0,0,0,0,0,0,0,7,9,5,0
565,0,1,0,0,0,0,85,0,0,0,0,0,7,0,65,3
566,0,0,0,0,0,0,45,0,0,0,0,0,12,6,56,0
567,0,0,0,0,0,0,48,0,0,0,0,0,2,0,28,9
568,0,0,0,0,0,0,0,0,0,0,0,0,11,0,1,0
569,1,0,3,1,1,0,0,0,0,0,0,3,14,0,162,2
570,0,0,0,0,0,0,22,0,0,0,0,0,2,3,3,0
571,0,0,1,0,0,0,637,0,0,0,0,0,19,20,0,9
572,0,0,0,0,0,0,728,0,0,0,0,0,17,1,23,6
573,0,0,0,0,0,0,354,0,0,0,0,0,17,3,3,0
574,0,0,0,0,0,0,69,0,0,0,0,0,3,1,3,6
575,0,1,0,2,0,0,0,0,0,0,0,0,10,0,3,0
576,0,0,0,0,0,0,216,0,0,0,0,1,9,12,1,0
577,0,1,0,0,1,0,0,0,0,0,0,0,1,0,1,0
578,0,2,4,6,2,0,368,0,0,0,0,1,21,36,38,32
579,0,0,0,0,0,0,459,0,0,0,0,0,28,1,2,0
580,0,1,0,0,0,0,0,0,0,0,0,0,7,0,14,0
581,0,0,0,3,0,0,97,0,0,0,0,0,4,0,6,0
582,0,0,0,0,0,0,0,0,0,0,0,0,21,5,1,5
583,0,3,1,7,2,0,0,0,0,0,0,0,5,5,0,6
584,0,1,1,1,1,0,0,0,0,0,0,0,3,0,0,0
585,0,0,0,0,0,0,43,0,0,0,0,0,9,1,17,11
586,0,0,2,7,0,0,45,0,0,0,0,0,3,0,0,0
587,0,2,1,1,0,0,444,0,0,0,0,0,27,13,32,35
588,0,0,0,0,0,0,0,0,0,0,0,0,4,0,3,0
589,0,0,0,0,0,0,75,0,0,0,0,0,1,0,1,0
590,0,1,0,1,0,0,53,0,0,0,0,1,0,1,2,0
591,0,0,0,0,0,0,63,0,0,0,0,0,2,1,1,0
592,0,0,0,0,0,0,0,0,0,0,0,0,1,2,1,0
593,0,1,0,0,0,0,140,0,0,0,0,0,7,4,119,15
594,1,0,0,0,3,0,0,0,0,0,0,0,33,0,18,0
595,0,1,0,0,0,0,0,0,0,0,0,0,2,0,2,0
596,0,0,0,0,0,0,221,0,0,0,0,0,3,0,3,3
597,0,0,0,0,0,0,66,0,0,0,0,0,6,0,0,6
598,4,1,1,3,1,0,0,0,0,0,0,0,12,0,44,0
599,0,0,0,0,1,0,0,0,0,0,0,0,4,1,0,0
600,0,0,0,0,0,0,0,0,0,0,0,0,4,0,8,0
601,0,1,1,4,0,0,86,0,0,0,0,0,7,0,0,0
602,0,0,1,0,0,0,82,0,0,0,0,0,3,4,5,3
603,0,2,1,11,1,0,15,0,0,0,0,0,13,0,0,0
604,0,0,0,3,0,0,0,0,0,0,0,0,10,6,0,81
605,0,1,0,0,0,0,0,0,0,0,0,2,4,6,2,0
606,0,0,0,0,0,0,45,0,0,0,0,0,1,0,1,0
607,1,1,1,1,4,0,111,0,0,0,0,0,35,35,89,7
608,0,0,0,0,0,0,83,0,0,0,0,0,3,8,2,0
609,0,1,1,4,0,0,39,0,0,0,0,0,2,0,5,0
610,0,4,1,1,0,0,124,0,0,0,0,0,14,4,11,3
611,1,1,1,2,0,0,61,0,0,0,0,0,1,6,64,15
612,1,2,3,4,2,0,174,0,0,0,0,1,102,81,31,59
613,0,2,0,1,0,0,128,0,0,0,0,0,17,0,0,0
614,0,0,0,0,0,0,7,0,0,0,0,0,1,1,3,1
615,0,0,1,2,0,0,795,0,0,0,0,0,12,3,36,18
616,0,0,1,0,0,0,13,0,0,0,0,0,6,4,3,0
617,0,0,1,0,1,0,74,0,0,0,0,0,44,12,31,27
618,0,0,0,0,0,0,89,0,0,0,0,0,1,13,0,0
619,0,0,0,0,0,0,0,0,0,0,0,1,0,32,72,1
620,0,0,0,0,0,0,0,0,0,0,0,0,2,8,13,2
621,3,1,1,0,0,0,0,0,0,0,0,0,5,2,1,0
622,0,0,0,0,0,0,0,0,0,0,0,0,0,11,2,0
623,0,0,0,0,0,0,0,0,0,0,0,0,12,2,11,2
624,1,0,0,0,2,0,197,0,0,0,0,0,35,3,45,6
625,0,0,0,3,0,0,0,0,0,0,0,0,0,26,7,21
626,0,1,0,1,0,0,0,0,0,0,0,0,10,3,16,0
627,1,0,0,0,0,0,2,0,0,0,0,0,52,30,11,15
628,0,0,0,0,0,0,189,0,0,0,0,0,1,22,57,1
629,0,0,0,0,0,0,2,0,0,0,0,0,1,4,12,1
630,0,0,0,0,0,0,0,0,0,0,0,0,0,20,16,3
631,0,0,0,0,0,0,0,0,0,0,0,0,0,11,20,0
632,0,0,0,0,0,0,0,0,0,0,0,0,0,8,6,0
633,0,0,0,0,0,0,38,0,0,0,0,0,5,11,1,3
634,0,1,0,0,0,0,0,0,0,0,0,0,0,36,1,7
635,0,0,0,0,0,0,126,0,0,0,0,0,0,6,4,0
636,0,0,0,0,0,0,37,0,0,0,0,0,0,8,1,2
637,1,1,0,3,4,0,291,0,0,0,0,0,0,15,109,0
638,0,0,1,1,0,0,0,0,0,0,0,1,40,14,22,2
639,0,0,0,0,0,0,140,0,0,0,0,0,0,2,2,0
640,0,1,1,3,0,0,235,0,0,0,0,0,5,12,12,3
641,0,0,0,0,1,0,0,0,0,0,0,0,13,12,50,10
642,0,0,0,2,0,0,11,0,0,0,0,0,0,32,43,5
643,0,0,0,2,1,0,0,0,0,0,0,0,1,14,181,2
644,1,1,0,4,1,0,21,0,0,0,0,0,8,1,60,6
645,0,0,1,1,2,0,0,0,0,0,0,0,26,6,4,0
646,0,0,1,1,0,0,274,0,0,0,0,0,0,9,46,26
647,0,0,0,0,0,0,0,0,0,0,0,1,0,10,41,1
648,0,0,1,0,0,0,0,0,0,0,0,0,5,21,24,0
649,0,0,3,0,0,0,0,0,0,0,0,1,39,24,8,0
650,0,0,0,0,0,0,0,0,0,0,0,0,0,5,22,0
651,0,0,0,0,0,0,58,0,0,0,0,0,0,5,13,1
652,0,0,1,4,1,0,0,0,0,0,0,0,15,18,296,1
653,0,0,1,0,0,0,49,0,0,0,0,0,33,11,26,13
654,0,1,1,3,1,0,43,0,0,0,0,0,0,13,21,0
655,6,0,0,6,0,0,0,0,0,0,0,0,0,10,144,13
656,0,0,0,1,0,0,0,0,0,0,0,0,17,15,28,5
657,0,1,0,4,1,0,34,0,0,0,0,0,0,4,11,0
658,0,1,0,1,0,0,0,0,0,0,0,0,4,6,4,1
659,1,1,0,0,1,0,300,0,0,0,0,0,91,61,181,66
660,0,0,0,0,0,0,0,0,0,0,0,0,0,19,0,0
661,0,0,0,0,0,0,0,0,0,0,0,0,12,0,27,10
662,0,0,0,0,0,0,0,0,0,0,0,0,0,7,15,0
663,0,0,0,0,0,0,0,0,0,0,0,0,0,18,0,0
664,0,0,0,0,0,0,75,0,0,0,0,0,27,1,1,3
665,0,0,0,1,1,0,0,0,0,0,0,0,0,62,32,54
666,0,0,2,3,1,0,0,0,0,0,0,2,55,41,51,5
667,0,0,0,0,0,0,0,0,0,0,0,0,0,13,109,1
668,0,0,0,0,0,0,0,0,0,0,0,1,32,7,14,23
669,0,1,1,1,0,0,0,0,0,0,0,0,0,22,20,41
670,0,0,0,0,0,0,0,0,0,0,0,0,5,3,9,11
671,1,0,0,0,0,0,0,0,0,0,0,0,28,12,10,46
672,0,1,0,1,0,0,0,0,0,0,0,0,3,16,12,19
673,0,0,0,2,0,0,0,0,0,0,0,0,11,13,37,0
674,52,17,6,50,35,0,8,1,0,0,0,9,886,327,13,101
675,0,0,0,0,0,0,0,0,0,0,0,0,0,22,5,0
676,0,0,0,1,0,0,0,0,0,0,0,0,8,2,0,0
677,0,0,0,0,0,0,0,0,0,0,0,0,1,29,0,0
678,0,0,0,0,0,0,0,0,0,0,0,0,0,23,17,0
679,0,0,0,0,0,0,68,0,0,0,0,0,38,4,84,49
680,0,0,0,0,1,0,10,0,0,0,0,0,0,4,5,0
681,0,1,0,3,0,0,0,0,0,0,0,0,18,0,14,0
682,0,0,0,0,1,0,136,0,0,0,0,0,9,0,8,2
683,0,0,0,2,0,0,0,0,0,0,0,0,2,41,108,0
684,0,0,1,0,2,0,0,0,1,0,0,0,0,15,17,6
685,0,0,0,0,0,0,0,0,0,0,0,0,0,5,16,0
686,1,3,0,6,0,0,0,3,1,0,0,1,0,9,9,18
687,0,0,0,0,0,0,172,0,0,0,0,0,15,0,85,0
688,0,0,0,0,0,0,290,0,0,0,0,0,23,4,17,0
689,0,0,0,0,0,0,0,0,0,0,0,0,0,5,14,0
690,0,0,1,0,0,0,651,0,0,0,0,0,20,30,81,22
691,0,1,0,0,3,0,0,0,0,0,0,1,4,10,3,0
692,1,0,0,1,1,0,0,0,0,0,0,0,0,68,1,9
693,0,0,0,0,0,0,0,0,0,0,0,0,0,9,1,9
694,1,0,0,3,2,0,0,0,null,0,0,0,0,39,3,14
695,0,0,0,0,0,0,0,0,0,0,0,0,0,5,4,1
696,0,1,0,2,1,0,25,0,0,0,0,0,4,17,7,0
697,0,0,0,0,0,0,0,0,0,0,0,0,9,28,14,12
698,0,0,1,0,0,0,0,0,0,0,0,0,11,3,6,3
699,0,0,1,0,0,0,226,0,0,0,0,0,4,1,6,0
700,1,5,1,9,2,0,23,0,0,0,0,0,5,4,18,0
701,0,0,3,0,3,0,63,0,0,0,0,5,10,2,4,1
702,0,0,0,0,3,0,61,0,0,0,0,0,36,3,54,7
703,0,0,0,0,0,0,17,0,0,0,0,0,0,21,33,0
704,0,0,0,0,0,0,0,0,0,0,0,1,29,31,3,13
705,1,0,0,0,1,0,10,0,0,0,0,0,21,11,30,13
706,3,0,2,5,2,0,0,0,0,0,0,0,9,18,2,0
707,0,0,0,0,0,0,379,0,0,0,0,0,0,26,9,0
708,0,0,0,0,0,0,0,0,0,0,0,0,0,11,50,1
709,1,0,1,0,0,0,205,0,0,0,0,1,4,54,36,8
710,0,0,0,0,0,0,2,0,0,0,0,0,5,1,68,1
711,0,2,0,3,0,0,45,0,0,0,0,1,14,0,36,0
712,0,0,0,0,0,0,0,0,0,0,0,0,6,0,33,7
713,1,1,0,0,0,0,0,0,0,0,0,0,0,0,9,0
714,0,1,0,1,0,0,4,0,0,0,0,0,22,69,19,16
715,0,0,0,0,0,0,37,0,0,0,0,0,0,19,0,0
716,0,0,0,0,0,0,99,0,0,0,0,0,0,28,3,0
717,1,0,1,3,1,0,68,0,0,0,0,0,22,52,119,10
718,2,0,2,0,0,0,0,0,0,0,0,0,10,11,4,1
719,2,2,1,4,4,0,140,0,0,0,0,0,36,75,60,12
720,0,0,0,0,0,0,13,0,0,0,0,0,16,27,37,0
721,1,1,0,2,1,0,40,0,0,0,0,2,14,0,30,5
722,0,0,1,0,0,0,0,0,0,0,0,0,7,0,2,1
723,1,1,1,7,2,0,87,0,0,0,0,1,19,11,30,2
724,1,0,0,0,1,0,0,0,0,0,0,0,25,3,4,0
725,0,0,3,0,0,0,422,0,0,0,0,0,44,12,22,1
726,0,0,0,0,0,0,0,0,0,0,0,0,0,9,2,0
727,0,1,0,1,0,0,97,0,0,0,0,0,35,5,14,0
728,0,0,0,0,0,0,12,0,0,0,0,0,10,0,20,0
729,0,0,0,0,0,0,0,0,0,0,0,0,0,42,0,0
730,0,0,0,0,0,0,0,0,0,0,0,0,0,3,26,12
731,0,2,0,2,0,0,0,0,0,0,0,0,7,1,18,1
732,0,0,0,0,0,0,253,0,0,0,0,0,0,81,86,0
733,0,1,0,0,0,0,53,0,0,0,0,0,17,1,63,1
734,0,0,1,0,0,0,28,0,0,0,0,0,11,1,32,0
735,0,0,0,1,0,0,0,0,0,0,0,0,0,5,19,0
736,0,0,0,0,0,0,0,0,0,0,0,0,1,11,0,0
737,0,1,0,1,3,0,0,0,0,0,0,1,0,29,91,25
738,0,0,0,0,0,0,0,0,0,0,0,0,0,6,16,2
739,0,0,0,0,0,0,0,0,0,0,0,0,1,13,3,0
740,0,0,0,1,0,0,147,0,0,0,0,0,0,6,36,14
741,0,0,0,0,0,0,0,0,0,0,0,2,6,19,0,0
742,0,1,0,1,0,0,236,0,0,0,0,0,3,29,41,0
743,0,0,0,1,1,0,0,0,0,0,0,0,0,29,68,2
744,0,0,0,0,0,0,0,0,0,0,0,0,16,2,0,1
745,0,0,0,0,2,0,11,0,0,0,0,0,1,3,6,10
746,0,0,0,0,0,0,0,0,0,0,0,0,0,9,17,0
747,0,0,0,0,1,0,0,0,0,0,0,0,5,8,18,0
748,1,0,0,0,0,0,0,0,0,0,0,0,0,15,29,1
749,0,0,0,0,0,0,57,0,0,0,0,0,36,0,53,1
750,0,0,0,0,0,0,0,0,0,0,0,0,0,18,8,1
751,0,0,0,0,0,0,0,0,0,0,0,0,6,30,0,1
752,0,0,0,0,0,0,0,0,0,0,0,0,3,0,11,1
753,0,0,0,6,2,0,334,0,0,0,0,1,20,7,18,0
754,0,1,1,2,2,0,0,0,0,0,0,0,9,0,0,5
755,0,0,0,0,0,0,0,0,0,0,0,0,4,7,1,0
756,0,0,0,0,0,0,0,0,0,0,0,1,0,18,1,3
757,0,0,0,0,0,0,0,0,0,0,0,0,0,21,13,1
758,0,1,0,3,1,0,0,0,0,0,0,0,0,1,49,3
759,0,0,0,0,0,0,27,0,0,0,0,0,0,10,5,2
760,0,0,0,0,0,0,0,0,0,0,0,0,1,4,2,0
761,0,0,0,0,0,0,0,0,0,0,0,0,3,7,0,0
762,0,0,0,0,0,0,0,0,0,0,0,1,0,25,14,1
763,0,0,1,1,1,0,230,0,0,0,0,1,13,106,712,1
764,0,0,0,0,0,0,0,0,0,0,0,0,0,7,0,6
765,0,0,0,0,0,0,220,0,0,0,0,0,6,7,56,0
766,0,0,0,0,3,0,0,0,0,0,0,0,0,28,51,0
767,0,0,0,1,1,0,0,0,0,0,0,0,0,17,8,0
768,1,0,0,0,1,0,0,0,0,0,0,0,0,21,33,2
769,0,0,0,0,0,0,201,0,0,0,0,0,19,14,93,1
770,0,0,1,3,1,0,0,0,0,0,0,0,9,28,74,0
771,0,0,0,0,0,0,60,0,0,0,0,0,22,12,14,22
772,0,0,0,0,0,0,134,0,0,0,0,0,16,25,6,0
773,0,1,0,1,1,0,29,0,0,0,0,0,1,0,0,0
774,0,0,0,0,0,0,0,0,0,0,0,0,6,1,0,0
775,0,0,0,0,0,0,38,0,0,0,0,0,0,20,6,0
776,0,0,0,0,0,0,0,0,0,0,0,0,2,19,11,4
777,0,0,1,1,0,0,0,0,0,0,0,0,4,75,21,7
778,0,1,0,0,0,0,196,0,0,0,0,0,7,3,75,0
779,0,0,0,1,0,0,0,0,0,0,0,0,0,6,13,0
780,0,0,1,0,0,0,0,0,0,0,0,0,0,49,2,0
781,3,1,1,12,2,0,6,0,0,0,0,0,7,0,15,0
782,1,2,2,7,6,0,591,0,0,0,0,2,173,46,100,70
783,0,0,0,0,0,0,220,0,0,0,0,0,0,21,2,4
784,0,0,0,0,0,0,57,0,0,0,0,0,11,11,23,0
785,0,0,1,0,0,0,0,0,0,0,0,0,11,12,13,9
786,0,1,0,2,0,0,0,0,0,0,0,0,0,4,0,0
787,0,0,0,1,0,0,130,0,0,0,0,0,24,18,14,1
788,0,0,0,0,0,0,90,0,0,0,0,0,0,17,8,0
789,4,2,3,1,4,0,12,0,0,0,0,0,47,9,94,3
790,0,1,0,0,4,0,24,0,0,0,0,0,6,23,11,2
791,0,0,0,0,0,0,0,0,0,0,0,0,6,2,0,0
792,0,0,1,0,0,0,149,0,0,0,0,0,9,2,30,0
793,0,0,0,0,0,0,56,0,0,0,0,0,0,11,0,0
794,0,1,1,1,0,0,0,0,0,0,0,1,23,3,8,0
795,0,0,2,1,0,0,0,0,0,0,0,0,1,31,19,3
796,1,1,1,5,1,0,47,0,0,0,0,4,7,7,6,3
797,0,0,0,0,0,0,37,0,0,0,0,0,1,16,36,40
798,0,0,1,0,0,0,0,0,0,0,0,0,0,45,0,17
799,0,0,0,1,1,0,0,0,0,0,0,0,23,19,74,0
800,306,52,149,228,210,13,3434,4,0,0,0,28,1420,2081,1479,6853
801,0,1,1,16,0,0,0,0,0,0,0,0,20,3,194,64
802,0,2,2,44,0,0,133,0,0,0,0,0,45,39,211,199
803,0,1,1,41,5,0,135,0,0,0,0,0,16,44,165,214
804,0,1,1,31,0,0,22,0,0,0,0,0,15,15,190,42
805,0,0,2,7,0,0,0,0,0,0,0,0,9,1,91,79
806,1,1,2,24,1,0,162,0,0,0,0,0,73,2,499,353
807,0,1,1,10,0,0,52,0,0,0,0,0,12,7,65,30
808,1,0,1,16,0,0,72,0,0,0,0,0,0,128,165,299
809,0,1,2,11,1,0,92,0,0,0,0,0,15,11,96,153
810,0,0,2,28,0,0,180,0,0,0,0,0,30,5,147,63
811,0,1,1,51,4,0,234,0,0,0,0,0,57,10,238,133
812,0,1,2,8,0,0,99,0,0,0,0,0,7,14,84,127
813,0,0,1,6,1,0,21,0,0,0,0,0,24,12,40,106
814,0,1,2,18,0,0,18,0,0,0,0,0,5,0,112,37
815,0,3,5,92,2,0,326,0,0,0,0,0,107,111,278,989
816,0,0,3,85,1,0,196,0,0,0,0,1,47,196,183,1033
817,0,1,1,25,2,0,204,0,0,0,0,0,0,33,161,129
818,1,2,4,107,5,0,612,0,2,0,0,3,172,47,385,601
819,2,1,2,10,4,0,39,0,0,0,0,0,16,11,392,56
820,2,0,2,7,2,0,43,0,0,0,0,0,8,31,87,165
821,0,0,1,9,0,0,0,0,0,0,0,0,0,14,156,75
822,1,1,3,50,2,0,238,0,0,0,0,0,42,52,348,239
823,0,0,1,8,0,0,0,0,0,0,0,0,1,41,86,74
824,2,0,1,4,1,0,89,0,0,0,0,0,11,59,66,149
825,0,0,1,20,1,0,61,0,0,0,0,0,0,44,133,251
826,15,0,5,3,4,0,120,0,0,0,0,0,79,309,1151,1504
827,1,0,1,15,0,0,0,0,0,0,0,0,14,3,54,11
828,0,1,1,24,0,0,40,0,0,0,0,0,17,28,161,138
829,0,0,0,15,0,0,30,0,0,0,0,0,22,21,172,119
830,1,0,1,6,1,0,110,0,0,0,0,0,0,15,70,137
831,0,0,1,7,0,0,0,0,0,0,0,0,0,27,57,60
832,0,1,1,15,0,0,48,0,0,0,0,0,0,10,186,81
833,0,0,0,0,0,0,0,0,0,0,0,0,0,0,0,0
834,0,0,0,0,0,0,0,0,0,0,0,0,0,0,0,0
835,0,0,1,14,0,0,19,0,0,0,0,0,6,11,143,24
836,0,1,1,18,0,0,66,0,0,0,0,0,0,21,117,85
837,0,0,2,29,0,0,77,0,0,0,0,2,8,38,63,128
838,0,1,2,19,0,0,151,0,0,0,0,0,0,22,61,26
839,0,0,1,36,0,0,237,0,0,0,0,0,15,10,229,129
840,0,1,1,13,0,0,22,0,0,0,0,1,35,8,93,149
841,0,1,1,13,0,0,202,0,0,0,0,0,15,5,115,131
842,0,0,0,19,0,0,19,0,0,0,0,0,0,54,99,78
843,4,1,3,70,1,0,816,0,0,0,0,4,37,36,579,660
844,7,1,3,15,3,0,45,0,0,0,0,1,4,0,184,14
845,4,2,2,17,3,0,4,0,0,0,0,0,59,9,156,111
846,1,0,1,16,0,0,12,0,0,0,0,0,26,17,72,183
847,0,0,1,22,0,0,56,0,0,0,0,0,9,13,49,51
848,0,1,1,34,0,0,248,0,0,0,0,0,30,27,175,126
849,0,2,1,17,0,0,81,0,0,0,0,0,27,7,69,63
850,0,0,1,6,0,0,0,0,0,0,0,0,12,7,123,39
851,6,1,2,34,6,0,51,0,0,0,0,0,4,43,322,189
852,0,1,1,22,0,0,17,0,0,0,0,0,19,30,87,105
853,0,1,1,64,1,0,434,0,0,0,0,0,78,5,259,406
854,0,0,2,53,0,0,0,0,0,0,0,0,25,8,196,68
855,0,0,2,6,0,0,4,0,0,0,0,0,0,13,303,30
856,2,1,1,7,0,0,86,0,0,0,0,1,23,3,197,160
857,0,2,1,18,0,0,270,0,0,0,0,0,10,8,190,40
858,0,0,0,7,0,0,0,0,0,0,0,0,2,7,111,18
859,0,0,2,11,0,0,0,0,0,0,0,0,28,0,144,56
860,0,1,1,32,0,0,76,0,0,0,0,0,20,17,173,46
861,0,0,1,13,0,0,131,0,0,0,0,0,0,8,93,150
862,0,0,1,17,0,0,103,0,0,0,0,0,29,4,63,51
863,0,2,2,35,0,0,93,0,0,0,0,0,16,2,122,82
864,0,1,1,15,0,0,40,0,0,0,0,0,0,32,75,57
865,0,1,2,75,0,0,484,0,0,0,0,0,23,99,1188,519
866,0,0,0,8,0,0,35,0,0,0,0,0,3,8,58,35
867,0,1,2,32,0,0,216,0,0,0,0,0,0,35,184,46
868,0,1,2,32,1,0,86,0,0,0,0,0,25,27,171,69
869,1,2,1,24,0,0,287,0,0,0,0,0,53,28,145,97
870,13,3,6,41,13,0,339,0,0,0,0,1,14,298,597,5369
871,0,0,3,10,0,0,174,0,0,0,0,0,0,11,115,129
872,0,2,1,30,0,0,19,0,0,0,0,0,0,38,118,75
873,0,0,2,8,2,0,53,0,0,0,0,0,26,20,108,150
874,0,0,1,30,0,0,185,0,0,0,0,2,25,28,284,585
875,0,0,0,27,0,0,143,0,0,0,0,0,8,5,49,21
876,0,0,0,19,0,0,100,0,0,0,0,0,45,30,189,195
877,47,0,7,56,30,1,48,0,0,0,0,0,347,276,547,3595
878,1,3,8,8,14,1,50,0,0,0,0,4,28,191,202,1005
879,0,0,0,0,0,0,215,0,0,0,0,0,11,1,34,0
880,0,0,0,0,0,0,42,0,0,0,0,0,12,0,14,0
881,0,0,0,0,0,0,131,0,0,0,0,2,5,60,49,14
882,0,0,1,0,0,0,106,0,0,0,0,0,7,5,5,0
883,1,0,0,0,0,0,353,0,0,0,0,0,18,0,50,11
884,0,0,0,0,0,0,413,0,0,0,0,0,5,34,10,6
885,0,0,0,0,0,0,0,0,0,0,0,0,0,0,6,0
886,0,0,0,0,0,0,63,0,0,0,0,0,13,0,9,10
887,2,0,1,0,1,0,286,0,0,0,0,0,3,0,61,1
888,0,1,1,1,1,0,0,0,0,0,0,1,8,4,10,3
889,0,0,0,0,0,0,13,0,0,0,0,0,7,1,15,2
890,2,1,2,3,2,0,0,0,0,0,0,0,10,2,159,0
891,0,0,2,0,0,0,130,0,0,0,0,0,4,6,9,0
892,0,0,0,0,0,0,0,0,0,0,0,0,1,5,10,5
893,0,0,0,0,0,0,0,0,0,0,0,0,2,0,17,0
894,0,0,0,0,0,0,21,0,0,0,0,0,6,0,5,0
895,3,4,1,5,4,0,547,0,0,0,0,7,106,82,117,257
896,0,0,0,0,0,0,0,0,0,0,0,0,1,0,27,18
897,0,0,1,0,0,0,299,0,0,0,0,0,33,1,54,10
898,5,6,3,3,5,0,484,0,0,0,0,5,114,324,19,30
899,0,1,1,0,0,0,0,0,0,0,0,0,3,0,0,12
900,0,0,1,0,0,0,160,0,0,0,0,0,27,0,17,9
901,0,0,0,0,0,0,68,0,0,0,0,0,12,0,15,8
902,1,1,1,6,1,0,95,0,0,0,0,0,29,2,48,0
903,0,0,1,0,0,0,0,0,0,0,0,0,26,1,30,0
904,0,0,1,0,0,0,0,0,0,0,0,0,12,1,21,4
905,0,1,1,0,1,0,283,0,0,0,0,0,12,13,0,38
906,0,0,0,0,0,0,147,0,0,0,0,0,7,5,21,0
907,0,1,0,0,0,0,282,0,0,0,0,0,27,2,27,8
908,0,0,0,0,0,0,40,0,0,0,0,0,16,2,4,0
909,0,0,0,0,0,0,0,0,0,0,0,0,11,0,3,7
910,0,0,0,0,0,0,399,0,0,0,0,0,0,10,6,0
911,0,0,2,0,0,0,436,0,0,0,0,0,28,43,43,50
912,0,0,0,0,0,0,248,0,0,0,0,0,20,13,62,22
913,0,0,0,0,0,0,207,0,0,0,0,0,3,3,44,0
914,0,0,0,0,0,0,519,0,0,0,0,1,10,12,0,13
915,0,0,0,0,0,0,0,0,0,0,0,0,10,0,6,7
916,0,0,0,0,0,0,0,0,0,0,0,0,4,8,9,5
917,0,0,0,0,0,0,18,0,0,0,0,0,12,0,31,0
918,0,0,0,0,0,0,246,0,0,0,0,0,14,1,2,0
919,0,0,0,0,0,0,0,0,0,0,0,0,4,3,1,1
920,0,0,0,0,0,0,0,0,0,0,0,0,5,0,25,0
921,0,0,0,0,0,0,0,0,0,0,0,0,7,6,9,1
922,0,0,0,0,0,0,466,0,0,0,0,0,8,13,36,0
923,0,0,1,0,0,0,92,0,0,0,0,0,5,3,18,3
924,0,0,2,0,0,0,365,0,0,0,0,0,18,8,19,14
925,0,0,0,0,0,0,0,0,0,0,0,0,5,0,5,2
926,0,0,0,0,0,0,536,0,0,0,0,0,12,0,12,2
927,0,0,0,0,0,0,1238,0,0,0,0,0,47,1,75,0
928,14,4,2,7,4,0,521,0,0,0,0,0,75,102,77,50
929,0,0,0,0,0,0,0,0,0,0,0,0,0,1,14,5
930,0,0,0,0,0,0,66,0,0,0,0,0,6,0,14,0
931,0,0,0,0,0,0,36,0,0,0,0,0,22,7,15,11
932,0,0,0,3,1,0,221,0,0,0,0,0,33,15,26,15
933,0,1,1,1,0,0,86,0,0,0,0,0,10,0,13,7
934,0,0,0,0,0,0,0,0,0,0,0,0,5,1,11,3
935,0,1,0,0,0,0,0,0,0,0,0,0,5,0,8,0
936,0,0,0,0,0,0,55,0,0,0,0,0,11,0,24,63
937,0,1,0,1,0,0,18,0,0,0,0,0,2,0,2,2
938,1,2,1,1,6,0,650,0,0,0,0,0,43,15,179,33
939,0,0,0,1,0,0,0,0,0,0,0,0,3,0,17,3
940,3,1,1,1,0,0,165,0,0,0,0,0,8,4,184,1
941,0,1,0,0,3,0,48,0,0,0,0,0,10,50,34,8
942,0,0,0,0,0,0,95,0,0,0,0,0,14,4,12,0
943,0,0,1,0,0,0,327,0,0,0,0,0,31,1,15,42
944,0,1,0,3,0,0,162,0,0,0,0,0,16,14,60,0
945,0,0,1,1,0,0,167,0,0,0,0,0,29,3,73,22
946,0,0,0,0,0,0,510,0,0,0,0,0,1,32,61,25
947,0,0,0,0,0,0,189,0,0,0,0,3,23,5,58,25
948,0,0,0,1,0,0,0,0,0,0,0,2,19,15,6,0
949,0,1,1,2,2,0,542,0,0,0,0,1,35,0,63,20
950,0,0,0,0,0,0,99,0,0,0,0,0,20,0,7,9
951,0,0,0,0,0,0,660,0,0,0,0,0,3,34,298,22
952,0,0,0,0,0,0,0,0,0,0,0,0,16,0,0,0
953,0,0,0,0,0,0,157,0,0,0,0,0,13,2,16,2
954,0,0,0,0,0,0,0,0,0,0,0,0,16,0,10,0
955,0,0,0,0,0,0,51,0,0,0,0,0,7,3,2,13
956,0,0,0,0,0,0,26,0,0,0,0,0,4,1,2,0
957,0,0,0,0,0,0,0,0,0,0,0,0,1,2,15,0
958,0,0,0,0,0,0,96,0,0,0,0,0,6,3,5,2
959,0,0,0,0,0,0,403,0,0,0,0,0,16,1,2,14
960,0,0,0,0,0,0,18,0,0,0,0,0,7,0,1,0
961,0,0,0,0,0,0,68,0,0,0,0,0,12,0,2,6
962,0,1,0,1,0,0,0,0,0,0,0,0,7,4,34,23
963,0,0,0,0,0,0,85,0,0,0,0,0,6,2,19,0
964,0,0,0,0,0,0,254,0,0,0,0,0,9,0,8,1
965,0,0,0,0,0,0,222,0,0,0,0,0,5,3,19,0
966,2,2,2,1,1,0,104,0,0,0,0,0,60,138,77,24
967,0,0,0,0,0,0,72,0,0,0,0,0,8,0,10,12
968,2,0,1,0,3,0,61,0,0,0,0,0,52,7,106,17
969,0,0,0,0,0,0,190,0,0,0,0,0,8,2,5,0
970,4,11,1,17,7,0,320,0,0,0,0,0,194,112,213,184
971,0,0,0,0,0,0,97,0,0,0,0,0,5,1,14,0
972,69,31,11,45,102,1,1198,1,0,0,0,22,1107,1400,213,133
973,0,0,0,0,0,0,258,0,0,0,0,0,1,3,55,1
974,0,0,1,0,0,0,600,0,0,0,0,0,61,15,13,4
975,0,0,0,0,0,0,111,0,0,0,0,0,18,0,0,8
976,0,0,0,0,0,0,123,0,0,0,0,0,10,0,20,0
977,0,0,1,0,0,0,224,0,0,0,0,0,5,0,16,0
978,0,0,0,0,0,0,0,0,0,0,0,0,1,7,7,5
979,0,1,0,0,0,0,107,0,0,0,0,0,4,4,115,0
980,0,0,0,0,0,null,33,0,0,0,0,0,0,6,3,14
981,0,0,0,0,0,0,258,0,0,0,0,0,12,2,37,87
982,0,0,0,0,0,0,0,0,0,0,0,0,2,5,47,0
983,0,0,0,0,0,0,356,0,0,0,0,0,25,0,25,0
984,0,0,0,0,0,0,164,0,0,0,0,0,3,0,3,2
985,0,2,1,6,4,0,88,0,0,0,0,0,4,9,57,0
986,0,0,0,0,1,0,600,0,0,0,0,1,24,20,158,13
987,0,3,1,4,0,0,856,0,0,0,0,0,31,9,52,48
988,0,0,0,0,0,0,842,0,0,0,0,0,20,0,23,0
989,0,0,0,0,0,0,55,0,0,0,0,0,20,0,4,0
990,0,0,0,0,0,0,441,0,0,0,0,0,37,20,57,37
991,0,0,0,0,0,0,0,0,0,0,0,0,14,0,6,22
992,0,0,0,0,0,0,0,0,0,0,0,0,7,4,8,6
993,0,0,0,0,0,0,0,0,0,0,0,0,25,1,5,25
994,0,0,0,0,0,0,366,0,0,0,0,0,9,3,33,1
995,0,0,0,0,0,0,145,0,0,0,0,0,9,2,22,5
996,0,0,0,0,2,0,76,0,0,0,0,2,21,6,59,26
997,0,0,0,0,0,0,442,0,0,0,0,0,4,0,12,0
998,0,0,0,0,0,0,84,0,0,0,0,0,4,13,8,14
999,1,2,0,0,3,0,1470,0,0,0,0,0,67,64,25,58
1000,0,0,0,0,0,0,121,0,0,0,0,0,7,0,24,1
1001,0,0,0,0,0,0,53,0,0,0,0,0,13,8,35,0
1002,0,0,2,0,1,0,364,0,0,0,0,0,62,30,132,497
1003,0,2,1,4,1,0,1176,0,0,0,0,0,101,65,21,43
1004,0,1,1,0,0,0,63,0,0,0,0,0,6,0,18,1
1005,0,0,0,0,0,0,0,0,0,0,0,0,4,0,8,0
1006,0,1,1,0,0,0,184,0,0,0,0,0,11,14,3,20
1007,0,0,0,0,3,0,157,0,0,0,0,0,14,0,23,15
1008,0,0,0,0,0,0,187,0,0,0,0,0,20,0,38,9
1009,0,0,0,2,1,0,1024,0,0,0,0,2,76,69,628,13
1010,0,0,0,0,0,0,0,0,0,0,0,0,6,11,2,0
1011,0,0,0,0,0,0,0,0,0,0,0,0,10,1,33,0
1012,0,0,0,0,0,0,134,0,0,0,0,0,18,15,38,18
1013,0,0,0,0,0,0,27,0,0,0,0,0,23,1,3,0
1014,0,1,0,1,0,0,111,0,0,0,0,0,4,4,11,2
1015,0,0,0,0,0,0,30,0,0,0,0,0,2,0,20,0
1016,0,0,0,0,0,0,304,0,0,0,0,0,18,4,7,16
1017,0,0,0,0,0,0,201,0,0,0,0,0,6,0,14,0
1018,0,0,0,0,0,0,821,0,0,0,0,0,29,11,71,24
1019,3,6,0,4,4,0,855,0,0,0,0,2,33,31,72,32
1020,0,0,0,0,0,0,285,0,0,0,0,0,8,0,12,0
1021,0,0,0,0,0,0,0,0,0,0,0,0,8,8,36,0
1022,0,0,0,1,0,0,0,0,0,0,0,0,16,6,8,13
1023,0,0,0,0,0,0,0,0,0,0,0,0,9,2,7,56
1024,0,0,0,0,0,0,401,0,0,0,0,0,9,5,51,0
1025,0,0,0,0,0,0,1360,0,0,0,0,0,75,16,67,43
1026,0,0,0,0,0,0,0,0,0,0,0,0,0,2,14,13
1027,0,0,0,0,0,0,0,0,0,0,0,0,14,0,15,0
1028,0,0,0,0,0,0,27,0,0,0,0,0,2,6,22,2
1029,0,0,1,0,0,0,0,0,0,0,0,0,4,10,15,0
1030,0,0,0,0,0,0,87,0,0,0,0,0,4,2,6,2
1031,0,0,0,0,0,0,0,0,0,0,0,0,7,6,13,1
1032,0,0,1,3,2,0,38,0,0,0,0,0,25,2,14,0
1033,0,1,0,0,2,0,1181,0,0,0,0,0,69,16,477,33
1034,0,0,0,0,0,0,0,0,0,0,0,0,8,0,9,1
1035,0,0,0,0,0,0,25,0,0,0,0,0,9,0,1,1
1036,0,0,1,0,0,0,50,0,0,0,0,0,8,9,87,0
1037,0,1,0,0,0,0,131,0,0,0,0,0,24,0,11,17
1038,0,0,0,0,0,0,23,0,0,0,0,0,6,1,72,0
1039,0,0,0,0,0,0,79,0,0,0,0,0,2,0,23,0
1040,0,0,0,0,0,0,45,0,0,0,0,1,5,0,25,0
1041,0,0,0,0,0,0,0,0,0,0,0,0,7,0,16,1
1042,1,0,0,0,0,0,156,0,0,0,0,0,0,7,123,3
1043,0,0,0,0,0,0,153,0,0,0,0,0,12,2,5,1
1044,0,0,0,0,0,0,404,0,0,0,0,0,9,6,88,1
1045,0,0,0,0,0,0,0,0,0,0,0,0,13,0,17,4
1046,1,0,0,0,1,0,84,0,0,0,0,0,11,0,32,0
1047,8,0,3,8,2,0,522,0,0,0,0,1,44,11,64,8
1048,0,0,0,0,0,0,232,0,0,0,0,0,4,0,9,0
1049,0,0,0,0,0,0,546,0,0,0,0,0,36,24,48,0
1050,0,0,0,0,0,0,37,0,0,0,0,0,1,0,2,1
1051,0,0,0,0,0,0,8,0,0,0,0,0,11,8,6,0
1052,0,0,0,0,0,0,215,0,0,0,0,0,3,0,1,1
1053,0,0,0,0,0,0,54,0,0,0,0,0,28,15,23,4
1054,0,0,0,0,0,0,306,0,0,0,0,0,11,1,4,0
1055,2,1,1,0,3,0,106,0,0,0,0,0,20,3,37,19
1056,0,0,0,0,0,0,137,0,0,0,0,0,9,0,174,12
1057,0,0,0,0,0,0,510,0,0,0,0,0,42,3,45,23
1058,0,0,1,0,0,0,235,0,0,0,0,0,12,2,9,0
1059,1,0,0,0,2,0,0,0,0,0,0,0,56,21,254,40
1060,0,0,1,0,3,0,228,0,0,0,0,0,26,4,17,25
1061,0,0,1,0,0,0,285,0,0,0,0,0,47,0,636,7
1062,0,0,0,0,0,0,44,0,0,0,0,0,31,0,19,0
1063,6,4,1,14,4,0,760,0,0,0,0,0,91,23,19,90
1064,0,0,0,0,0,0,109,0,0,0,0,0,17,17,5,18
1065,0,0,0,1,0,0,166,0,0,0,0,0,13,4,9,15
1066,0,0,0,0,0,0,210,0,0,0,0,0,20,11,20,4
1067,0,0,0,0,0,0,340,0,0,0,0,0,9,0,1,4
1068,22,4,3,9,4,0,656,0,0,0,0,0,40,53,88,463
1069,0,0,0,0,1,0,192,0,0,0,0,0,6,16,24,7
1070,0,0,1,0,0,0,58,0,0,0,0,0,20,0,14,6
1071,0,0,0,0,1,0,34,0,0,0,0,0,57,0,4,2
1072,2,4,3,4,3,0,2795,0,2,0,0,0,36,47,361,33
1073,0,0,0,0,0,0,32,0,0,0,0,0,9,28,48,59
1074,2,0,0,1,0,0,423,0,0,0,0,0,12,1,64,0
1075,0,0,1,0,0,0,95,0,0,0,0,0,14,0,16,0
1076,0,0,0,0,0,0,199,0,0,0,0,1,17,0,58,0
1077,0,0,0,0,0,0,111,0,0,0,0,0,10,8,5,0
1078,0,0,1,0,0,0,200,0,0,0,0,0,16,13,36,15
1079,0,0,0,0,0,0,67,0,0,0,0,0,8,4,15,0
1080,1,0,0,0,0,0,130,0,0,0,0,0,41,37,314,15
1081,0,0,0,0,0,0,145,0,0,0,0,0,16,2,9,5
1082,0,0,0,0,0,0,0,0,0,0,0,0,6,0,9,31
1083,0,0,1,0,5,0,151,0,0,0,0,0,28,4,1,10
1084,0,0,0,0,0,0,0,0,0,0,0,0,24,0,17,1
1085,0,0,1,0,0,0,0,0,0,0,0,0,6,0,13,0
1086,0,0,0,0,0,0,187,0,0,0,0,0,6,0,16,5
1087,0,0,0,0,0,0,88,0,0,0,0,0,8,2,47,3
1088,0,0,0,0,0,0,474,0,0,0,0,0,17,26,56,31
1089,0,0,0,0,0,0,25,0,0,0,0,0,18,0,18,14
1090,0,0,0,0,0,0,190,0,0,0,0,0,5,0,3,5
1091,0,0,0,0,0,0,165,0,0,0,0,0,6,2,51,10
1092,0,0,0,0,0,0,0,0,0,0,0,0,2,2,10,0
1093,0,0,1,0,0,0,195,0,0,0,0,0,33,1,15,139
1094,0,0,0,0,0,0,0,0,0,0,0,0,19,12,251,3
1095,0,0,0,0,0,0,143,0,0,0,0,0,0,0,12,0
1096,0,0,0,0,0,0,5,0,0,0,0,0,3,1,10,0
1097,0,1,2,0,1,0,264,0,0,0,0,0,0,26,68,9
1098,0,0,0,0,0,0,74,0,0,0,0,0,5,3,10,1
1099,0,0,2,0,0,0,300,0,0,0,0,0,35,56,7,7
1100,0,0,0,0,1,0,617,0,0,0,0,0,11,0,12,0
1101,0,1,2,2,0,0,259,0,0,0,0,0,28,3,355,16
1102,0,0,0,0,0,0,82,0,0,0,0,0,8,0,1,0
1103,0,0,0,0,0,0,0,0,0,0,0,0,3,0,14,22
1104,0,0,0,0,0,0,32,0,0,0,0,0,21,0,23,1
1105,0,0,0,0,0,0,13,0,0,0,0,2,1,3,20,0
1106,0,0,0,0,0,0,35,0,0,0,0,0,4,17,37,3
1107,0,0,0,0,1,0,210,0,0,0,0,0,31,70,87,45
1108,0,0,0,0,0,0,0,0,0,0,0,0,3,2,1,3
1109,0,0,0,0,0,0,167,0,0,0,0,0,17,0,9,0
1110,0,0,0,0,0,0,37,0,0,0,0,0,5,10,26,21
1111,0,0,0,0,0,0,0,0,0,0,0,0,0,3,10,3
1112,0,2,1,5,0,0,269,0,0,0,0,1,53,3,495,9
1113,0,0,0,0,0,0,0,0,0,0,0,0,19,1,44,39
1114,0,0,0,0,0,0,276,0,0,0,0,0,18,0,10,11
1115,10,1,1,8,8,0,32,0,0,0,0,0,0,18,42,11
1116,0,0,0,0,0,0,29,0,0,0,0,0,1,1,22,0
1117,0,1,0,1,2,0,132,0,0,0,0,3,11,1,19,16
1118,0,3,0,3,0,0,176,0,0,0,0,0,13,6,2,27
1119,0,0,0,0,0,0,64,0,0,0,0,0,1,0,10,0
1120,0,0,0,0,0,0,221,0,0,0,0,0,34,8,77,52
1121,0,0,0,0,0,0,0,0,0,0,0,0,0,1,3,0
1122,0,0,1,0,0,0,820,0,0,0,0,0,13,6,23,6
1123,0,0,0,0,0,0,0,0,0,0,0,0,0,0,9,0
1124,1,0,0,0,0,0,75,0,0,0,0,0,11,1,0,1
1125,0,1,1,2,0,0,0,0,0,0,0,0,5,0,7,0
1126,0,0,0,0,0,0,43,0,0,0,0,0,0,0,3,0
1127,0,0,0,2,0,0,316,0,0,0,0,2,18,5,3,21
1128,0,0,0,0,0,0,48,0,0,0,0,0,1,1,8,0
1129,0,0,0,0,1,0,171,0,0,0,0,0,6,0,92,0
1130,0,0,0,0,0,0,113,0,0,0,0,0,3,0,0,0
1131,0,0,0,1,0,0,0,0,0,0,0,0,2,2,138,0
1132,0,0,0,1,0,0,0,0,0,0,0,0,12,1,34,14
1133,0,0,0,0,0,0,137,0,0,0,0,0,6,0,15,0
1134,null,null,null,null,null,null,null,null,null,null,null,null,null,null,null,null
1135,0,1,0,0,0,0,100,0,0,0,0,0,1,0,7,1
1136,null,null,null,null,null,null,null,null,null,null,null,null,null,null,null,null
1137,0,0,0,0,0,0,0,0,0,0,0,0,0,4,36,0
1138,0,0,0,0,0,0,831,0,0,0,0,0,8,14,27,13
1139,0,0,0,0,0,0,0,0,0,0,0,0,1,0,10,1
1140,0,0,0,0,0,0,418,0,0,0,0,0,23,22,29,19
1141,0,0,0,0,0,0,294,0,0,0,0,0,11,0,6,20
1142,0,0,0,0,0,0,0,0,0,0,0,0,1,0,0,0
1143,0,0,0,0,0,0,0,0,0,0,0,0,0,1,0,0
1144,0,0,0,1,0,0,1170,0,0,0,0,0,51,12,68,0
1145,0,3,2,0,0,0,58,0,0,0,0,0,6,5,2,7
1146,0,0,0,0,0,0,441,0,0,0,0,0,4,13,158,2
1147,null,null,null,null,null,null,null,null,null,null,null,null,null,null,null,null
1148,2,0,0,0,0,0,20,0,0,0,0,0,8,0,0,5
1149,0,0,0,0,0,0,12,0,0,0,0,0,0,0,8,0
1150,0,0,0,0,0,0,0,0,0,0,0,0,3,0,2,3
1151,0,0,0,0,0,0,100,0,0,0,0,0,6,3,6,3
1152,0,0,0,0,0,0,40,0,0,0,0,0,3,0,21,1
1153,0,0,0,0,0,0,0,0,0,0,0,0,1,0,0,0
1154,0,0,0,0,0,0,148,0,0,0,0,0,1,4,48,1
1155,0,1,0,1,0,0,228,0,0,0,0,0,6,1,44,3
1156,0,0,0,0,0,0,5,0,0,0,0,0,5,6,23,1
1157,0,0,0,0,0,0,0,0,0,0,0,0,0,0,5,0
1158,0,0,0,0,0,0,56,0,0,0,0,0,18,2,20,0
1159,0,0,0,0,0,0,0,0,0,0,0,0,2,2,14,0
1160,8,0,0,0,3,0,201,0,0,0,0,1,6,2,81,0
1161,0,0,0,0,0,0,136,0,0,0,0,0,11,0,0,0
1162,0,0,0,0,0,0,0,0,0,0,0,0,1,0,45,0
1163,null,null,null,null,null,null,null,null,null,null,null,null,null,null,null,null
1164,0,0,0,0,0,0,0,0,0,0,0,0,0,1,13,0
1165,0,0,0,0,0,0,0,0,0,0,0,0,0,1,0,0
1166,0,0,0,0,0,0,80,0,0,0,0,0,2,0,0,0
1167,0,0,0,0,0,0,214,0,0,0,0,0,5,9,0,2
1168,0,0,0,0,0,0,0,0,0,0,0,0,0,12,7,0
1169,0,0,0,0,0,0,193,0,0,0,0,0,4,0,9,3
1170,0,1,0,1,0,0,364,0,0,0,0,0,30,2,12,4
1171,null,null,null,null,null,null,null,null,null,null,null,null,null,null,null,null
1172,0,1,3,0,4,0,1212,0,0,0,0,0,69,21,63,68
1173,0,0,0,0,0,0,0,0,0,0,0,0,2,0,0,0
1174,0,0,0,0,0,0,86,0,0,0,0,0,3,1,9,1
1175,0,0,0,0,0,0,0,0,0,0,0,0,0,1,0,0
1176,0,0,0,0,0,0,0,0,0,0,0,0,0,1,11,0
1177,0,0,0,0,0,0,365,0,0,0,0,0,9,19,11,0
1178,0,0,0,0,0,0,221,0,0,0,0,0,16,1,2,7
1179,1,14,0,15,4,0,355,0,0,0,0,0,20,13,87,12
1180,0,1,0,0,1,0,339,0,0,0,0,1,20,0,4,0
1181,0,0,0,0,0,0,179,0,0,0,0,0,9,3,47,1
1182,0,0,0,0,0,0,0,0,0,0,0,0,0,3,0,0
1183,0,0,0,0,0,0,120,0,0,0,0,0,8,7,7,0
1184,null,null,null,null,null,null,null,null,null,null,null,null,null,null,null,null
1185,0,0,0,0,0,0,284,0,0,0,0,0,1,0,40,0
1186,0,0,0,0,0,0,275,0,0,0,0,0,12,10,10,16
1187,0,1,0,0,0,0,57,0,0,0,0,0,18,3,4,0
1188,0,0,0,0,0,0,30,0,0,0,0,0,0,0,48,0
1189,0,0,0,1,0,0,238,0,0,0,0,0,26,0,35,1
1190,0,0,0,0,0,0,0,0,0,0,0,0,2,0,26,0
1191,0,0,0,0,0,0,0,0,0,0,0,0,0,2,6,0
1192,0,0,0,2,0,0,23,0,0,0,0,0,7,0,2,0
1193,0,0,0,0,0,0,195,0,0,0,0,0,7,0,1,0
1194,0,0,0,0,0,0,0,0,0,0,0,0,0,2,14,0
1195,null,null,null,null,null,null,null,null,null,null,null,null,null,null,null,null
1196,0,0,0,0,0,0,0,0,0,0,0,0,1,6,26,0
1197,0,0,0,0,0,0,0,0,0,0,0,0,0,2,10,0
1198,0,0,0,0,0,0,360,0,0,0,0,0,3,0,18,0
1199,0,0,0,0,0,0,178,0,0,0,0,0,1,4,42,0
1200,0,0,0,0,0,0,0,0,0,0,0,0,0,0,14,0
1201,0,0,0,0,0,0,182,0,0,0,0,0,1,0,16,1
1202,0,0,0,0,0,0,101,0,0,0,0,0,11,0,0,4
1203,0,1,1,3,0,0,35,0,0,0,0,0,1,4,28,1
1204,1,1,2,5,2,0,595,0,0,0,0,2,16,23,74,2
1205,0,0,0,0,0,0,0,0,0,0,0,0,1,0,0,0
1206,null,null,null,null,null,null,null,null,null,null,null,null,null,null,null,null
1207,null,null,null,null,null,null,null,null,null,null,null,null,null,null,null,null
1208,0,0,0,0,0,0,71,0,0,0,0,0,2,1,44,0
1209,0,1,0,2,0,0,394,0,0,0,0,0,7,9,21,0
1210,6,1,1,1,1,0,1229,0,0,0,0,0,50,48,68,55
1211,0,0,0,0,0,0,0,0,0,0,0,0,0,0,42,0
1212,0,0,0,0,1,0,402,0,0,0,0,0,27,4,62,27
1213,0,0,0,0,0,0,100,0,0,0,0,0,4,4,25,0
1214,null,0,0,0,0,0,101,0,0,0,0,0,1,0,28,0
1215,0,0,0,0,0,0,109,0,0,0,0,0,1,0,35,3
1216,0,0,1,1,0,0,131,0,0,0,0,0,4,0,62,0
1217,0,0,0,0,0,0,49,0,0,0,0,0,8,0,30,5
1218,0,0,0,0,0,0,95,0,0,0,0,0,5,0,0,0
1219,0,0,0,0,0,0,51,0,0,0,0,0,14,3,24,3
1220,0,0,0,0,0,0,62,0,0,0,0,0,1,0,22,null
1221,0,0,0,0,0,0,51,0,0,0,0,0,1,0,21,0
1222,0,0,0,0,0,0,0,0,0,0,0,0,1,8,0,1
1223,0,0,0,0,0,0,12,0,0,0,0,0,1,1,4,0
1224,0,0,0,0,0,0,0,0,0,0,0,0,0,1,9,0
1225,0,0,0,0,0,0,146,0,0,0,0,0,3,0,5,3
1226,0,0,0,0,0,0,169,0,0,0,0,0,12,0,12,6
1227,0,0,0,0,0,0,227,0,0,0,0,0,1,1,9,0
1228,0,0,0,0,0,0,0,0,0,0,0,0,0,0,0,0
1229,0,0,0,0,0,0,76,0,0,0,0,0,0,4,1,0
1230,0,0,0,0,1,0,84,0,0,0,0,0,3,1,0,2
1231,0,0,1,0,0,0,0,0,0,0,0,0,0,0,9,0
1232,0,0,0,0,0,0,98,0,0,0,0,0,2,1,0,2
1233,0,0,0,0,0,0,113,0,0,0,0,0,4,1,5,0
1234,0,0,0,0,0,0,257,0,0,0,0,0,8,0,53,3
1235,0,0,0,0,0,0,235,0,0,0,0,0,2,1,3,4
1236,0,0,1,2,1,0,52,0,0,0,0,0,0,2,54,3
1237,0,0,0,0,0,0,0,0,0,0,0,0,1,1,4,0
1238,0,0,0,0,0,0,0,0,0,0,0,0,0,0,35,2
1239,0,0,0,9,0,0,495,0,0,0,0,0,15,0,36,15
1240,0,0,0,0,0,0,40,0,0,0,0,0,6,7,5,0
1241,0,1,0,0,0,0,131,0,0,0,0,0,6,3,0,1
1242,0,0,0,0,0,0,462,0,0,0,0,0,3,0,28,0
1243,0,0,0,0,0,0,3,0,0,0,0,0,15,12,198,6
1244,0,0,0,0,0,0,0,0,0,0,0,0,2,0,12,0
1245,0,0,0,0,0,0,6,0,0,0,0,0,0,0,7,0
1246,0,0,0,0,0,0,17,0,0,0,0,0,0,3,0,0
1247,0,0,1,0,0,0,200,0,0,0,0,0,3,3,5,3
1248,0,0,0,2,0,0,50,0,0,0,0,0,11,1,2,5
1249,0,0,0,0,1,0,45,0,0,0,0,0,0,3,28,0
1250,0,0,0,0,0,0,0,0,0,0,0,0,0,0,16,1
1251,0,0,0,0,0,0,130,0,0,0,0,0,2,4,38,0
1252,0,0,0,0,0,0,136,0,0,0,0,0,3,0,5,1
1253,0,0,0,0,0,0,240,0,0,0,0,0,12,0,17,5
1254,0,0,0,0,0,0,0,0,0,0,0,0,3,18,12,3
1255,0,0,0,0,0,0,54,0,0,0,0,0,9,1,3,1
1256,0,0,0,5,0,0,9,0,0,0,0,0,9,7,130,16
1257,0,0,0,0,0,0,14,0,0,0,0,0,8,2,21,0
1258,0,0,0,0,0,0,203,0,0,0,0,0,12,2,12,3
1259,0,0,0,0,0,0,21,0,0,0,0,0,3,0,89,0
1260,0,1,0,0,0,0,0,0,0,0,0,0,1,0,38,1
1261,0,0,0,0,0,0,136,0,0,0,0,0,5,2,2,0
1262,0,0,0,1,0,0,795,0,0,0,0,0,19,5,6,21
1263,0,0,1,4,1,0,73,0,0,0,0,0,7,15,18,2
1264,1,2,0,0,2,0,197,0,0,0,0,0,21,1,62,0
1265,0,0,0,0,0,0,0,0,0,0,0,0,3,3,5,3
1266,0,0,0,0,0,0,0,0,0,0,0,0,0,2,1,0
1267,0,0,0,0,0,0,43,0,0,0,0,0,0,4,44,0
1268,0,0,1,0,0,0,571,0,0,0,0,0,19,4,40,24
1269,0,0,0,0,0,0,0,0,0,0,0,0,0,8,0,0
1270,0,0,0,0,0,0,607,0,0,0,0,0,33,2,72,4
1271,0,0,0,0,0,0,0,0,0,0,0,0,0,0,8,1
1272,0,0,0,0,0,0,92,0,0,0,0,0,8,2,0,8
1273,0,0,0,0,0,0,0,0,0,0,0,0,0,4,13,0
1274,0,0,0,0,0,0,6,0,0,0,0,0,3,1,17,1
1275,0,0,0,1,0,0,0,0,0,0,0,0,0,0,42,3
1276,0,0,0,0,0,0,0,0,0,0,0,0,1,0,16,0
1277,0,0,1,0,0,0,227,0,0,0,0,0,37,2,11,7
1278,0,0,0,0,0,0,262,0,0,0,0,0,6,0,2,0
1279,0,0,0,0,1,0,111,0,0,0,0,0,12,0,19,11
1280,0,0,0,0,0,0,0,0,0,0,0,0,4,3,8,0
1281,0,0,0,1,0,0,115,0,0,0,0,0,4,1,36,0
1282,0,0,0,0,0,0,0,0,0,0,0,0,13,23,11,0
1283,0,0,0,0,0,0,0,0,0,0,0,0,4,4,0,1
1284,0,0,0,0,0,0,243,0,0,0,0,0,3,2,73,20
1285,0,0,0,0,0,0,0,0,0,0,0,0,1,9,1,0
1286,0,0,0,0,0,0,176,0,0,0,0,0,0,3,44,0
1287,0,0,0,0,0,0,218,0,0,0,0,0,0,0,19,6
1288,0,0,0,0,0,0,0,0,0,0,0,0,0,3,39,0
1289,0,0,0,0,0,0,0,0,0,0,0,0,0,3,0,0
1290,0,0,0,0,0,0,179,0,0,0,0,0,0,0,0,1
1291,0,0,0,0,0,0,0,0,0,0,0,0,1,5,70,2
1292,0,0,0,0,0,0,474,0,0,0,0,0,15,2,2,7
1293,0,2,2,9,0,0,674,0,0,0,0,0,49,34,57,141
1294,0,0,0,0,0,0,36,0,0,0,0,0,6,1,7,1
1295,0,0,0,0,0,0,125,0,0,0,0,1,6,0,25,2
1296,27,9,6,34,27,0,1552,0,0,0,0,8,499,172,60,1284
1297,0,0,0,0,0,0,151,0,0,0,0,0,2,0,4,2
1298,0,0,0,0,0,0,255,0,0,0,0,0,0,11,5,3
1299,0,0,0,0,0,0,136,0,0,0,0,0,1,0,6,0
1300,0,0,0,0,0,0,197,0,0,0,0,0,16,0,0,0
1301,0,0,0,0,0,0,0,0,0,0,0,0,0,1,39,1
1302,0,0,0,0,0,0,0,0,0,0,0,0,0,2,5,0
1303,0,0,0,0,0,0,93,0,0,0,0,0,1,3,18,0
1304,0,0,0,0,0,0,213,0,0,0,0,0,1,1,3,0
1305,0,0,0,0,0,0,0,0,0,0,0,0,1,0,20,3
1306,0,0,0,0,0,0,43,0,0,0,0,0,2,0,14,0
1307,1,4,3,12,3,0,449,0,0,0,0,0,37,32,16,16
1308,0,1,0,0,0,0,144,0,0,0,0,0,3,3,9,3
1309,0,1,0,1,0,0,698,0,0,0,0,0,14,3,172,1
1310,0,0,0,0,0,0,25,0,0,0,0,0,2,1,5,0
1311,0,0,1,0,1,0,411,0,0,0,0,0,6,0,39,10
1312,0,1,0,4,0,0,0,0,0,0,0,0,2,0,0,0
1313,2,1,1,5,1,0,0,0,0,0,0,0,3,0,96,12
1314,0,0,0,0,0,0,386,0,0,0,0,0,6,4,24,11
1315,0,0,0,0,0,0,564,0,0,0,0,0,9,5,79,4
1316,0,0,0,0,0,0,0,0,0,0,0,0,6,0,6,6
1317,0,0,0,0,0,0,0,0,0,0,0,0,2,4,24,19
1318,0,0,0,0,0,0,72,0,0,0,0,0,3,0,6,0
1319,0,0,0,0,0,0,0,0,0,0,0,0,2,0,0,0
1320,0,0,0,0,0,0,0,0,0,0,0,0,2,2,22,0
1321,0,1,1,1,0,0,110,0,0,0,0,0,3,0,3,3
1322,0,0,0,0,0,0,251,0,0,0,0,0,5,5,35,0
1323,0,0,0,0,0,0,0,0,0,0,0,0,10,7,16,2
1324,0,0,0,0,0,0,855,0,0,0,0,0,43,25,77,71
1325,0,0,0,0,0,0,51,0,0,0,0,0,5,0,17,0
1326,0,1,0,2,0,0,27,0,0,0,0,0,0,0,2,0
1327,0,0,0,0,0,0,373,0,0,0,0,0,2,2,63,3
1328,null,null,null,null,null,null,null,null,null,null,null,null,null,null,null,null
1329,0,0,0,0,0,0,0,0,0,0,0,0,9,1,0,0
1330,null,null,null,null,null,null,null,null,null,null,null,null,null,null,null,null
1331,0,0,0,0,0,0,0,0,0,0,0,0,0,0,0,0
1332,0,0,0,0,0,0,452,0,0,0,0,0,9,0,10,0
1333,0,0,1,0,0,0,0,0,0,0,0,0,10,3,2,0
1334,0,0,0,0,0,0,376,0,0,0,0,0,6,2,31,9
1335,0,0,0,0,0,0,83,0,0,0,0,0,5,14,37,5
1336,0,0,0,0,0,0,290,0,0,0,0,0,3,10,4,13
1337,0,0,0,1,0,0,315,0,0,0,0,0,23,0,14,0
1338,0,0,0,0,1,0,185,0,0,0,0,0,3,0,24,2
1339,0,0,1,0,0,0,802,0,0,0,0,0,23,10,141,24
1340,0,0,0,0,0,0,0,0,0,0,0,0,23,8,20,15
1341,0,0,0,1,0,0,156,0,0,0,0,0,41,21,32,42
1342,0,0,3,0,0,0,625,0,0,0,0,0,49,7,78,86
1343,0,0,0,0,0,0,0,0,0,0,0,0,32,8,122,16
1344,0,1,0,0,0,0,59,0,0,0,0,0,4,3,466,52
1345,0,0,0,0,0,0,0,0,0,0,0,0,3,3,10,7
1346,0,0,0,0,0,0,387,0,0,0,0,0,47,12,128,35
1347,0,0,0,2,0,0,8,0,0,0,0,2,3,11,403,106
1348,0,0,0,0,0,0,262,0,0,0,0,0,14,24,67,96
1349,0,0,0,0,0,0,363,0,0,0,0,0,5,0,39,0
