codmun,pharmacy,hospital,police,school,bank,embassy,tower,commercial,industrial,government,supermarket,park,primary,secondary,unpaved,paved
44847,1,2,1,109,1,0,0,0,0,0,0,0,0,2,175,1
44560,0,3,0,22,0,0,0,0,0,0,0,0,0,34,48,2
44430,0,2,1,59,0,0,31,0,0,0,0,18,1,2,35,0
44001,6,16,3,174,11,0,94,0,0,0,0,136,0,21,199,91
44090,1,1,3,19,3,0,103,0,0,0,0,5,0,0,20,0
47001,17,4,6,20,16,0,134,0,0,0,0,16,63,65,253,34
44378,0,0,0,8,0,0,82,0,0,0,0,2,1,0,37,0
44078,0,0,0,55,0,0,18,0,0,0,0,0,11,1,136,29
47189,0,3,0,1,1,0,32,0,0,0,0,0,0,0,73,0
8001,13,33,7,7,16,1,51,0,0,0,0,4,132,268,350,6
47745,2,3,2,3,6,0,8,0,0,0,0,1,34,74,94,0
8573,1,0,1,0,0,0,0,0,0,0,0,0,0,19,8,1
44098,0,0,0,11,0,0,25,0,0,0,0,0,2,0,48,6
44279,0,0,0,9,0,0,14,0,0,0,0,0,1,0,67,5
44650,0,1,1,43,2,0,49,0,0,0,0,0,14,0,113,0
47570,0,0,0,0,0,0,0,0,0,0,0,0,0,0,6,0
8832,0,1,1,0,0,0,0,0,0,0,0,4,0,2,23,4
8296,0,1,1,1,0,0,49,0,0,0,0,0,23,13,56,0
8758,2,0,2,5,1,0,32,0,0,0,0,0,36,49,169,1
8433,0,0,0,0,0,0,61,0,0,0,0,0,0,28,20,0
8372,0,0,0,0,1,0,0,0,0,0,0,0,0,0,6,0
20001,1,0,2,9,1,0,264,0,0,0,0,1,48,8,94,0
47053,0,0,0,2,0,0,29,0,0,0,0,0,0,24,38,0
8078,0,0,0,1,0,0,136,0,0,0,0,1,6,4,10,1
8634,0,1,0,0,0,0,0,0,0,0,0,0,0,21,25,0
8558,0,0,0,0,0,0,5,0,0,0,0,0,0,4,2,0
8549,0,0,0,0,0,0,0,0,0,0,0,0,0,0,6,0
8849,0,0,0,0,0,0,0,0,0,0,0,1,0,1,4,0
13673,0,0,0,0,0,0,7,0,0,0,0,0,1,1,48,0
8685,0,0,0,0,0,0,0,0,0,0,0,0,0,8,0,0
8520,0,0,0,0,0,0,0,0,0,0,0,0,0,7,0,0
47268,0,0,0,0,0,0,0,0,0,0,0,0,0,0,0,0
47605,0,0,0,0,0,0,0,0,0,0,0,0,0,0,59,0
8638,0,0,0,1,0,0,228,0,0,0,0,0,16,11,5,0
8560,0,0,0,0,0,0,48,0,0,0,0,0,0,2,3,1
8421,1,0,0,0,1,0,112,0,0,0,0,0,7,0,140,0
13001,31,6,16,15,21,4,193,0,0,0,0,12,147,143,1008,25
20570,0,0,0,0,0,0,144,0,0,0,0,0,5,0,4,0
47551,0,0,0,0,0,0,311,0,0,0,0,0,0,6,98,0
44874,0,1,0,19,2,0,0,0,0,0,0,0,13,8,18,0
44110,0,0,0,1,0,0,0,0,0,0,0,0,0,0,0,0
47288,0,0,0,0,0,0,75,0,0,0,0,0,0,2,38,0
13222,0,0,0,0,0,0,32,0,0,0,0,0,1,0,2,0
8606,0,0,0,0,0,0,15,0,0,0,0,0,0,0,20,0
47675,0,0,0,0,0,0,74,0,0,0,0,0,0,8,10,0
8141,0,0,0,0,0,0,3,0,0,0,0,0,0,0,12,2
44855,0,0,0,3,0,0,0,0,0,0,0,0,1,0,12,9
8436,4,2,1,9,0,0,71,0,0,0,0,0,0,1,1,2
13683,0,0,0,0,0,0,23,0,0,0,0,0,0,0,33,0
13873,0,0,0,0,0,0,24,0,0,0,0,0,0,0,0,0
47258,0,0,0,0,0,0,47,0,0,0,0,0,0,0,20,0
8137,0,0,1,0,0,0,26,0,0,0,0,0,0,0,0,1
20621,0,0,0,0,0,0,0,0,0,0,0,0,11,6,79,12
13647,0,0,1,1,0,0,8,0,0,0,0,0,0,0,31,0
20443,0,0,0,0,0,0,0,0,0,0,0,0,0,0,8,0
13760,0,0,0,0,0,0,0,0,0,0,0,0,0,0,2,0
13620,0,0,0,0,0,0,1,0,0,0,0,0,0,0,2,0
13836,1,2,0,2,0,0,0,0,0,0,0,1,0,0,37,3
20238,0,0,0,0,0,0,156,0,0,0,0,1,0,0,11,0
8675,0,0,0,0,0,0,43,0,0,0,0,0,0,0,0,0
47161,0,0,0,0,0,0,25,0,0,0,0,0,0,0,10,0
13140,0,0,0,0,0,0,42,0,0,0,0,0,0,0,58,0
20750,1,0,1,0,0,0,0,0,0,0,0,0,6,0,6,0
8770,0,0,0,0,0,0,0,0,0,0,0,0,0,0,0,0
13052,0,0,0,0,0,0,0,0,0,0,0,0,3,11,78,0
13433,0,0,0,0,0,0,0,0,0,0,0,0,4,0,118,0
13838,0,0,1,0,0,0,0,0,0,0,0,0,0,9,21,1
47541,0,0,0,0,0,0,0,0,0,0,0,0,0,0,19,0
47170,0,1,1,0,0,0,0,0,0,0,0,0,0,0,27,0
20013,0,0,0,2,0,0,0,0,0,0,0,0,10,4,31,1
13248,0,0,0,0,0,0,13,0,0,0,0,0,0,0,40,0
70713,0,0,0,0,0,0,0,0,0,0,0,1,14,0,49,0
13657,0,0,0,0,0,0,82,0,0,0,0,0,0,0,22,0
13442,0,0,0,0,0,0,0,0,0,0,0,0,9,0,47,0
20060,0,0,0,0,0,0,51,0,0,0,0,0,14,0,9,0
47798,0,0,0,0,0,0,0,0,0,0,0,0,3,0,18,0
47555,0,1,0,0,0,0,0,0,0,0,0,0,5,0,30,0
47058,0,0,0,0,0,0,0,0,0,0,0,0,3,0,14,0
20045,0,0,0,3,0,0,2,0,0,0,0,0,5,1,77,1
13654,0,0,0,0,0,0,51,0,0,0,0,1,0,0,4,0
13244,0,0,0,0,0,0,68,0,0,0,0,0,3,0,47,0
20250,null,null,null,null,null,null,null,null,null,null,null,null,null,null,null,null
13894,0,0,0,0,0,0,0,0,0,0,0,0,6,0,12,0
47707,1,0,1,0,0,0,0,0,0,0,0,0,0,2,21,2
47545,0,0,0,0,0,0,0,0,0,0,0,0,0,2,26,1
70508,0,0,0,0,1,0,56,0,0,0,0,0,0,0,10,0
20400,0,0,0,0,0,0,5,0,0,0,0,0,12,1,2,1
70230,0,0,0,0,0,0,0,0,0,0,0,0,0,0,1,0
13212,0,0,0,0,0,0,0,0,0,0,0,0,0,0,6,0
70823,0,0,1,0,0,0,51,0,0,0,0,0,37,0,1,0
70204,0,0,0,2,0,0,0,0,0,0,0,0,0,0,0,0
20178,null,null,null,null,null,null,null,null,null,null,null,null,null,null,null,null
20032,0,0,0,0,0,0,0,0,0,0,0,0,0,3,6,0
70717,0,0,0,2,0,0,0,0,0,0,0,3,1,0,43,0
20175,0,0,0,0,0,0,9,0,0,0,0,0,0,5,5,0
70418,2,0,0,1,0,0,48,0,0,0,0,0,2,0,142,3
70473,6,0,1,0,4,0,27,0,0,0,0,1,3,3,23,0
47692,0,0,0,0,0,0,0,0,0,0,0,0,0,3,6,3
47703,1,1,1,2,4,0,0,0,0,0,0,1,0,7,51,1
13430,0,0,0,1,0,0,0,0,0,0,0,0,8,16,88,1
70110,0,0,0,0,0,0,0,0,0,0,0,0,1,0,5,0
23672,0,0,1,0,1,0,0,0,0,0,0,0,1,1,31,3
23675,0,0,0,0,0,0,0,0,0,0,0,0,0,13,78,21
70001,3,4,5,16,9,0,72,0,0,0,0,190,25,59,58,7
13780,0,0,0,0,0,0,0,0,0,0,0,0,0,2,2,1
70742,0,0,0,0,0,0,0,0,0,0,0,0,0,0,26,0
70523,0,0,0,0,0,0,53,0,0,0,0,0,0,1,4,0
70702,0,0,0,0,0,0,6,0,0,0,0,1,0,7,33,0
20228,0,0,0,0,0,0,46,0,0,0,0,0,5,0,44,0
47318,1,0,0,0,0,0,0,0,0,0,0,0,0,16,12,1
70215,0,0,0,0,0,0,27,0,0,0,0,0,0,4,22,2
47245,1,1,0,0,0,0,0,0,0,0,0,0,0,19,85,0
23500,0,0,1,1,0,0,0,0,0,0,0,0,0,3,80,1
23417,0,0,0,0,0,0,0,0,0,0,0,0,7,11,535,140
23586,0,0,0,0,0,0,0,0,0,0,0,0,0,3,61,0
23464,0,0,0,0,0,0,17,0,0,0,0,0,0,3,3,0
13468,0,0,0,0,0,0,0,0,0,0,0,0,0,1,18,0
13188,0,0,0,0,0,0,0,0,0,0,0,0,0,0,0,0
54245,0,0,0,6,0,0,39,0,0,0,0,0,0,0,1,0
23670,0,0,0,0,0,0,89,0,0,0,0,0,0,1,31,0
54206,0,0,0,5,0,0,14,0,0,0,0,0,0,6,29,2
13650,0,0,0,0,0,0,0,0,0,0,0,0,0,0,12,0
70670,0,0,0,0,0,0,73,0,0,0,0,1,0,0,7,0
23168,0,0,0,0,0,0,0,0,0,0,0,0,0,1,8,0
13440,0,0,0,0,0,0,0,0,0,0,0,0,0,0,9,0
70235,0,0,0,0,0,0,0,0,0,0,0,0,0,0,22,0
23300,0,1,0,1,0,0,0,0,0,0,0,0,1,0,16,0
23182,0,0,0,0,0,0,114,0,0,0,0,0,0,2,28,0
54800,0,0,0,10,0,0,0,0,0,0,0,0,0,0,6,0
23574,0,0,0,0,0,0,0,0,0,0,0,0,0,4,3,0
54810,1,1,3,19,1,0,0,0,0,0,0,1,0,0,44,0
70678,0,0,0,0,0,0,0,0,0,0,0,0,0,6,38,2
23686,0,0,0,0,0,0,0,0,0,0,0,0,4,15,19,0
20787,0,0,0,0,0,0,0,0,0,0,0,0,0,3,45,0
13549,0,0,0,0,0,0,0,0,0,0,0,0,0,0,35,0
20517,0,0,0,1,0,0,39,0,0,0,0,0,0,3,24,0
70771,0,0,0,0,0,0,0,0,0,0,0,0,0,0,39,0
23189,0,0,0,0,1,0,0,0,0,0,0,0,0,1,16,0
13300,0,0,0,0,0,0,0,0,0,0,0,0,0,0,15,0
23660,0,0,0,0,0,0,169,0,0,0,0,1,0,4,64,0
13268,0,0,0,0,0,0,0,0,0,0,0,0,0,0,0,0
13667,0,0,0,0,0,0,0,0,0,0,0,0,0,0,0,0
23419,0,1,0,0,1,0,0,0,0,0,0,0,8,5,63,0
23162,0,0,0,0,0,0,0,0,0,0,0,0,10,13,1,0
13074,0,0,0,0,0,0,0,0,0,0,0,0,0,0,7,0
23001,4,3,8,10,6,0,0,0,0,0,0,1,37,46,31,100
70124,0,0,0,0,0,0,0,0,0,0,0,0,0,5,9,0
5051,0,1,2,18,1,0,0,0,0,0,0,0,8,6,0,0
20550,0,0,0,1,0,0,28,0,0,0,0,0,0,0,10,0
70400,0,0,0,1,0,0,3,0,0,0,0,0,0,0,26,0
23678,0,0,0,0,0,0,0,0,0,0,0,0,1,0,1,0
23090,0,0,0,3,0,0,0,0,0,0,0,0,0,1,11,0
54250,0,0,0,2,0,0,0,0,0,0,0,0,0,0,3,0
13030,0,0,0,0,0,0,0,0,0,0,0,0,0,0,0,0
13580,0,0,0,0,0,0,0,0,0,0,0,0,0,0,2,0
5659,0,1,0,18,0,0,0,0,0,0,0,0,5,0,8,0
13006,0,0,0,0,0,0,0,0,0,0,0,1,0,2,76,0
20383,0,0,0,3,0,0,24,0,0,0,0,0,0,0,21,0
70429,0,0,0,0,0,0,0,0,0,0,0,0,0,21,69,0
70708,0,0,0,0,0,0,0,0,0,0,0,0,0,22,196,0
5490,2,1,0,16,1,0,0,0,0,0,0,0,25,3,8,0
13600,0,2,1,3,0,0,0,0,0,0,0,1,0,0,11,0
27006,0,0,0,13,0,0,0,0,0,0,0,0,0,0,0,0
13810,0,0,0,0,0,0,0,0,0,0,0,0,0,0,0,0
5665,0,0,0,34,0,0,0,0,0,0,0,0,0,10,1,0
23570,0,0,0,0,0,0,70,0,0,0,0,0,0,0,49,0
54670,0,0,0,5,0,0,0,0,0,0,0,0,0,0,4,0
23555,0,0,0,0,0,0,49,0,0,0,0,0,4,4,84,1
70265,0,0,0,0,0,0,0,0,0,0,0,0,0,0,9,0
20011,0,1,0,8,0,0,0,0,0,0,0,0,5,0,10,0
23068,0,0,0,1,0,0,0,0,0,0,0,0,0,12,31,1
54344,0,0,0,0,0,0,0,0,0,0,0,0,0,0,9,0
20295,0,0,0,1,0,0,0,0,0,0,0,0,0,0,10,0
13473,0,0,0,7,0,0,0,0,0,0,0,0,0,0,15,0
13458,0,0,0,0,0,0,0,0,0,0,0,0,0,0,0,0
20310,0,0,0,0,0,0,7,0,0,0,0,0,0,0,0,0
54720,0,1,2,46,0,0,0,0,0,0,0,0,31,0,41,0
5837,4,2,2,68,4,0,36,0,0,0,0,1,31,13,13,0
23855,1,1,0,12,1,0,0,0,0,0,0,0,0,4,4,0
54001,16,5,9,31,15,0,8,3,0,0,0,6,69,45,13,23
54498,3,2,0,3,8,0,54,0,0,0,0,1,20,8,8,0
13655,0,0,0,1,0,0,0,0,0,0,0,0,0,2,1,0
54553,0,0,0,0,0,0,0,0,0,0,0,0,3,0,0,0
27800,0,0,0,7,0,0,0,0,0,0,0,0,0,0,27,0
23079,0,0,0,0,0,0,100,0,0,0,0,0,0,0,62,0
23807,1,2,1,14,2,0,182,0,0,0,0,1,0,21,261,0
54398,0,1,1,0,0,0,0,0,0,0,0,0,0,0,14,0
20614,0,0,0,1,0,0,30,0,0,0,0,0,5,0,5,0
13042,0,0,0,2,0,0,0,0,0,0,0,0,0,0,0,0
54261,1,0,1,2,0,0,0,0,0,0,0,0,11,0,7,0
54003,1,0,0,3,0,0,0,0,0,0,0,0,33,0,2,0
5495,0,0,0,5,0,0,0,0,0,0,0,41,0,10,16,0
54109,1,0,0,0,0,0,0,0,0,0,0,0,8,0,0,0
23466,0,0,0,4,0,0,314,0,0,0,0,0,0,10,97,1
5250,0,0,0,14,0,0,1,0,0,0,0,0,0,8,89,0
13744,0,1,0,27,1,0,0,0,0,0,0,1,0,15,22,0
23350,0,0,0,0,0,0,0,0,0,0,0,0,0,12,5,0
68575,0,1,0,1,1,0,0,0,0,0,0,0,0,12,8,0
13688,0,0,0,40,0,0,0,0,0,0,0,0,0,0,1,0
20770,0,0,0,0,0,0,46,0,0,0,0,0,0,0,0,0
54871,0,0,0,0,0,0,0,0,0,0,0,0,2,0,6,0
5045,1,3,1,4,4,0,7,0,0,0,0,0,0,0,9,0
5154,3,0,2,6,1,0,7,0,0,0,0,81,0,21,17,0
20710,0,1,0,0,0,0,37,0,0,0,0,0,0,0,10,0
54418,0,0,0,0,0,0,0,0,0,0,0,0,0,0,1,0
54313,0,0,0,1,0,0,0,0,0,0,0,0,0,0,7,0
5120,0,1,2,8,0,0,197,0,0,0,0,75,0,0,28,0
23580,0,0,0,1,0,0,0,0,0,0,0,0,0,17,54,36
54680,0,0,0,0,0,0,0,0,0,0,0,0,0,0,0,0
54673,0,0,0,0,0,0,0,0,0,0,0,0,0,0,2,0
27615,0,0,0,10,0,0,0,0,0,0,0,0,0,0,5,0
5147,0,1,0,0,0,0,0,0,0,0,0,0,0,7,3,0
54660,0,0,0,0,0,0,0,0,0,0,0,0,0,0,4,0
54874,0,0,0,1,5,0,15,0,0,0,0,3,13,6,0,1
54128,0,0,0,1,0,0,0,0,0,0,0,0,0,0,2,0
54239,0,0,0,0,1,0,0,0,0,0,0,1,0,0,0,1
54405,1,0,3,0,0,0,0,0,0,0,0,0,0,0,0,0
54385,0,0,0,0,0,0,14,0,0,0,0,0,0,0,3,0
5172,0,1,1,8,1,0,0,0,0,0,0,0,0,0,1,0
5790,0,2,1,8,1,0,65,0,0,0,0,0,0,0,26,0
54099,0,0,1,1,0,0,0,0,0,0,0,0,0,0,10,0
68615,1,0,1,0,0,0,19,0,0,0,0,0,0,0,5,0
54051,0,0,0,2,0,0,0,0,0,0,0,0,0,0,0,0
5895,1,1,0,6,0,0,53,0,0,0,0,0,0,8,43,0
68655,0,0,2,0,0,0,32,0,0,0,0,0,0,1,0,0
54172,6,3,1,6,2,0,0,0,0,0,0,0,0,0,13,0
54599,0,0,0,0,0,0,0,0,0,0,0,0,0,0,1,0
68780,0,0,0,0,0,0,0,0,0,0,0,0,0,0,1,0
54223,0,0,0,0,0,0,0,0,0,0,0,0,0,0,0,0
68255,0,0,1,0,0,0,0,0,0,0,0,2,0,0,4,5
54520,0,0,0,0,0,0,0,0,0,0,0,0,1,0,0,0
54347,0,0,0,0,0,0,0,0,0,0,0,0,0,0,1,0
13670,0,0,0,1,0,0,0,0,0,0,0,0,0,3,4,0
68132,0,1,2,1,0,0,27,0,0,0,0,0,0,0,0,0
27372,0,0,0,0,0,0,0,0,0,0,0,0,0,0,12,0
5736,0,0,0,0,0,0,42,0,0,0,0,0,0,5,24,1
68867,0,1,1,1,0,0,0,0,0,0,0,1,0,0,6,0
54820,1,1,1,1,1,0,2,0,1,0,0,0,14,0,14,0
68444,0,0,0,0,0,0,15,0,0,0,0,0,0,0,0,0
13160,0,0,0,2,0,0,0,0,0,0,0,0,0,0,0,0
54518,0,3,1,5,1,0,0,0,0,0,0,1,13,0,2,0
5040,0,0,0,8,0,0,50,0,0,0,0,0,0,8,13,2
5854,1,2,0,1,0,0,30,0,0,0,0,0,0,6,5,1
5361,0,0,1,15,3,0,0,0,0,0,0,0,0,5,37,8
68406,0,0,4,1,0,0,0,0,0,0,0,0,6,3,0,0
54377,0,0,0,0,0,0,0,0,0,0,0,0,1,0,1,0
54480,0,0,0,0,0,0,0,0,0,0,0,0,1,0,9,0
68169,0,0,1,0,0,0,11,0,0,0,0,0,0,0,0,0
54125,0,0,0,0,0,0,0,0,0,0,0,0,0,0,0,0
54743,0,0,0,0,0,0,0,0,0,0,0,0,3,0,1,0
5031,0,0,0,17,0,0,23,0,0,0,0,0,0,18,5,3
5893,0,1,0,3,0,0,0,0,0,0,0,0,0,16,7,0
68307,0,0,1,0,0,0,0,0,0,0,0,0,17,45,11,1
5604,1,1,0,3,0,0,48,0,0,0,0,0,0,11,38,7
68820,0,0,2,0,0,0,0,0,0,0,0,0,8,0,1,0
5887,2,0,1,13,0,0,21,0,0,0,0,0,0,14,0,1
54174,0,0,0,0,0,0,0,0,0,0,0,0,0,0,5,0
68001,1,4,9,8,12,0,29,0,0,0,0,4,172,308,3,20
68081,0,8,3,16,28,0,33,0,0,0,0,2,44,57,4,15
5107,0,1,0,10,0,0,0,0,0,0,0,0,0,5,3,0
5543,0,0,0,2,2,0,2,0,0,0,0,0,0,0,0,3
5234,3,0,0,7,1,0,0,0,0,0,0,0,0,0,0,0
5134,0,2,1,2,0,0,55,0,0,0,0,0,0,0,3,1
68689,0,0,1,13,0,0,0,0,0,0,0,0,0,13,3,0
68276,1,3,1,4,2,0,0,0,0,0,0,2,15,25,0,3
68092,0,0,0,0,0,0,0,0,0,0,0,0,0,4,0,0
68547,1,1,1,4,2,0,23,0,1,0,0,1,0,10,21,38
5819,0,1,0,2,0,0,0,0,0,0,0,0,0,0,1,0
81001,0,0,0,1,0,0,47,0,0,0,0,0,9,7,1,0
68705,0,1,0,2,0,0,0,0,0,0,0,0,0,5,12,0
5628,0,2,0,0,0,0,0,0,0,0,0,1,0,0,0,0
81736,1,0,1,1,1,0,35,0,0,0,0,0,15,6,63,8
81065,0,0,0,10,0,0,43,0,0,0,0,0,10,9,57,8
68318,0,0,0,0,0,0,0,0,0,0,0,0,0,1,0,0
5842,0,2,0,0,0,0,0,0,0,0,0,0,0,0,1,6
15223,1,1,1,0,0,0,0,0,0,0,0,0,3,0,1,0
5475,0,1,0,0,0,0,0,0,0,0,0,0,0,0,0,0
5647,0,1,1,23,0,0,0,0,0,0,0,0,0,21,5,1
5138,2,1,1,1,1,0,0,0,0,0,0,0,0,0,9,10
68162,0,0,0,0,0,0,0,0,0,0,0,0,0,0,1,0
68895,0,0,0,0,0,0,0,0,0,0,0,0,0,14,0,0
5113,0,1,1,1,0,0,0,0,0,0,0,0,0,0,16,1
5858,0,0,1,9,1,0,24,0,0,0,0,0,0,11,4,0
5038,0,0,0,0,0,0,36,0,0,0,0,0,0,0,7,10
5315,0,2,0,1,0,0,32,0,0,0,0,1,0,0,0,0
68745,0,0,0,0,0,0,0,0,0,0,0,0,0,0,3,0
68669,0,0,1,0,1,0,0,0,0,0,0,0,0,6,3,2
5284,0,1,0,0,0,0,0,0,0,0,0,1,0,10,0,0
5658,0,1,0,3,0,0,16,0,0,0,0,0,0,25,4,0
5310,0,0,0,1,0,0,265,0,0,0,0,0,1,13,9,0
68207,0,0,0,0,0,0,0,0,0,0,0,0,0,1,0,0
68418,0,1,0,2,2,0,0,0,0,0,0,0,0,0,6,0
27099,0,1,0,0,0,0,0,0,0,0,0,0,0,0,0,0
68235,0,0,1,14,0,0,0,0,0,0,0,0,0,0,11,0
5686,0,3,0,2,3,0,28,0,0,0,0,5,1,51,2,0
68573,0,0,0,3,1,0,0,0,0,0,0,0,0,0,10,0
81300,0,0,0,0,0,0,0,0,0,0,0,0,9,0,26,8
5873,0,5,0,0,0,0,0,0,0,0,0,1,0,0,0,0
15180,0,0,0,1,0,0,0,0,0,0,0,0,0,0,5,15
5150,0,0,0,0,0,0,0,0,0,0,0,0,0,0,1,0
5890,2,1,1,1,2,0,56,0,0,0,0,0,8,25,1,3
68051,0,1,0,0,1,0,0,0,0,0,0,0,0,0,2,0
27075,1,1,1,0,1,0,0,0,0,0,0,0,0,0,0,0
68160,0,0,0,0,0,0,0,0,0,0,0,0,0,0,4,0
5411,2,0,0,0,2,0,17,0,0,0,0,0,0,24,0,0
5086,0,0,0,0,0,0,0,0,0,0,0,0,0,4,0,1
5885,0,1,0,5,0,0,24,0,0,0,0,0,0,14,12,0
68296,0,0,0,0,0,0,0,0,0,0,0,0,0,0,2,0
68432,0,0,0,0,0,0,0,0,0,0,0,0,0,2,0,0
68190,0,1,3,8,5,0,138,0,0,0,0,0,30,1,9,4
68872,1,0,0,0,1,0,34,0,0,0,0,0,0,0,1,0
5004,0,1,1,0,0,0,0,0,0,0,0,0,0,0,5,0
68152,0,0,0,0,0,0,0,0,0,0,0,0,0,0,3,7
5579,0,0,0,0,0,0,175,0,0,0,0,0,6,15,29,0
68370,0,0,0,1,0,0,0,0,0,0,0,0,0,0,3,0
15332,0,1,0,4,2,0,0,0,0,0,0,0,0,0,9,0
5306,0,1,0,1,0,0,0,0,0,0,0,0,0,0,1,1
68079,1,0,1,1,1,0,0,0,0,0,0,0,0,1,2,4
68266,0,0,0,0,0,0,0,0,0,0,0,0,0,0,0,13
68468,0,0,0,0,0,0,0,0,0,0,0,0,0,1,2,13
81220,0,1,0,1,1,0,0,0,0,0,0,0,0,0,3,0
81794,2,0,0,0,0,0,0,0,0,0,0,0,30,0,32,8
68684,0,0,1,0,0,0,0,0,0,0,0,0,0,2,0,0
5264,0,1,1,0,2,0,0,0,0,0,0,0,0,8,1,1
68229,0,0,0,1,0,0,0,0,0,0,0,0,0,1,11,0
81591,0,0,0,1,0,0,0,0,0,0,0,0,0,0,4,0
5501,0,1,0,3,0,0,0,0,0,0,0,1,0,17,6,2
5042,5,1,1,1,1,0,0,0,0,0,0,0,3,9,9,2
68121,0,0,0,0,0,0,0,0,0,0,0,0,0,0,11,0
68679,17,2,1,13,12,0,0,0,0,0,0,0,0,7,1,0
5425,0,1,0,0,1,0,105,0,0,0,0,0,11,16,8,0
68464,0,0,0,0,0,0,0,0,0,0,0,0,0,0,1,0
68344,0,0,0,0,0,0,0,0,0,0,0,0,0,0,3,0
5761,1,1,1,1,1,0,0,0,0,0,0,0,16,8,0,4
68686,0,0,0,0,0,0,0,0,0,0,0,0,0,0,1,0
5847,0,1,2,6,2,0,0,0,0,0,0,0,0,29,49,1
68147,0,0,0,0,0,0,0,0,0,0,0,0,0,0,44,2
5190,0,0,0,0,0,0,0,0,0,0,0,0,10,0,1,0
68425,0,0,0,0,0,0,0,0,0,0,0,0,0,0,9,0
15218,0,0,0,0,0,0,0,0,0,0,0,0,0,0,7,0
5237,0,0,0,5,0,0,98,0,0,0,0,0,10,10,6,1
5690,0,1,0,0,0,0,0,0,0,0,0,0,5,10,11,0
68549,0,0,0,0,1,0,0,0,0,0,0,0,0,0,0,2
68522,0,0,0,0,0,0,0,0,0,0,0,0,0,0,0,0
68682,0,0,0,0,0,0,0,0,0,0,0,0,0,0,0,0
68502,0,0,0,0,0,0,0,0,0,0,0,0,0,0,3,0
5670,0,0,0,1,0,0,41,0,0,0,0,0,1,15,8,1
68861,18,0,1,6,8,0,2,0,0,0,0,0,14,0,30,127
68385,0,1,0,17,2,0,0,0,0,0,0,0,13,0,0,0
68755,0,1,1,0,1,0,0,0,0,0,0,0,0,0,2,0
5125,0,1,0,0,0,0,0,0,0,0,0,0,0,12,6,0
5079,2,0,1,1,2,0,217,0,0,0,0,0,27,3,17,36
15248,1,2,0,1,0,0,5,0,0,0,0,1,0,3,15,1
5664,0,3,0,1,1,0,8,0,0,0,0,0,0,14,23,5
5656,1,0,1,0,2,0,0,0,0,0,0,0,0,31,1,29
68720,0,0,0,0,0,0,0,0,0,0,0,0,0,0,0,0
68533,0,0,0,0,0,0,0,0,0,0,0,0,0,0,0,0
15317,0,0,1,0,0,0,0,0,0,0,0,0,0,0,3,2
68855,0,0,1,0,0,0,20,0,0,0,0,0,0,0,2,0
15673,0,0,1,4,0,0,0,0,0,0,0,0,0,0,4,7
68176,0,0,0,0,0,0,0,0,0,0,0,0,0,0,0,0
15522,1,1,1,0,0,0,0,0,0,0,0,0,0,0,1,0
15810,0,0,0,1,0,0,0,0,0,0,0,0,0,0,0,2
5142,0,0,0,1,0,0,79,0,0,0,0,0,0,2,1,0
5206,0,0,1,1,0,0,21,0,0,0,0,0,0,21,1,0
5308,0,1,0,1,0,0,44,0,0,0,0,1,0,0,15,7
15097,0,0,0,0,0,0,0,0,0,0,0,0,0,0,3,4
5212,2,3,2,9,1,0,17,0,0,0,0,1,0,20,69,5
5088,23,4,4,11,3,0,68,0,0,0,0,1,59,128,82,5
5240,0,2,1,1,0,0,0,0,0,0,0,0,27,0,0,7
68524,0,0,0,0,0,0,0,0,0,0,0,0,0,0,2,0
5044,0,0,0,0,0,0,0,0,0,0,0,0,0,0,0,0
5021,0,1,1,2,0,0,11,0,0,0,0,0,0,24,11,1
15244,0,0,0,1,0,0,0,0,0,0,0,0,0,0,0,0
5667,0,1,1,0,0,0,270,0,0,0,0,0,0,23,2,1
68209,0,0,0,0,0,0,0,0,0,0,0,0,0,0,1,0
68498,0,0,0,0,0,0,18,0,0,0,0,0,0,0,7,1
5001,109,29,15,78,83,2,219,1,0,0,0,19,1028,1097,84,142
5674,0,1,1,0,0,0,31,0,0,0,0,0,0,13,8,0
68217,0,0,0,0,0,0,0,0,0,0,0,0,0,0,3,0
68211,0,0,0,0,0,0,0,0,0,0,0,0,0,0,0,1
68397,0,0,0,0,0,0,2,0,0,0,0,0,1,0,4,2
68167,0,0,0,3,1,0,90,0,0,0,0,0,0,0,21,0
15753,0,0,0,0,0,0,0,0,0,0,0,0,0,0,2,9
68322,0,0,1,0,0,0,0,0,0,0,0,0,0,0,0,0
5541,0,1,1,1,0,0,35,0,0,0,0,0,0,10,11,1
27001,0,2,1,0,0,0,0,0,0,0,0,2,16,0,7,0
15403,0,0,0,0,1,0,0,0,0,0,0,0,0,0,7,17
68500,3,0,0,0,0,0,0,0,0,0,0,0,0,0,0,0
5649,0,1,0,15,0,0,334,0,0,0,0,0,0,24,1,3
5318,0,1,0,0,1,0,20,0,0,0,0,0,0,4,63,7
68245,0,0,0,0,0,0,0,0,0,0,0,0,0,0,0,0
99001,0,0,0,0,0,0,0,0,0,0,0,0,0,10,11,1
68320,0,0,0,0,0,0,0,0,0,0,0,0,0,0,2,0
5321,5,2,1,3,1,0,49,0,0,0,0,0,0,15,9,24
5093,0,1,1,0,0,0,0,0,0,0,0,0,0,15,0,0
5347,0,1,0,0,0,0,0,0,0,0,0,0,0,0,0,5
15183,0,0,0,0,1,0,0,0,0,0,0,0,0,0,2,0
15774,0,0,0,0,0,0,0,0,0,0,0,0,0,0,8,2
68101,0,0,0,14,2,0,7,0,0,0,0,0,0,0,0,4
5585,0,0,0,0,0,0,218,0,0,0,0,0,0,3,11,1
15572,0,1,0,7,0,0,104,0,0,0,0,0,10,5,38,1
85125,0,0,0,1,0,0,0,0,0,0,0,0,30,0,32,1
5440,1,1,0,4,0,0,48,0,0,0,0,0,12,35,14,1
5059,0,1,1,0,1,0,0,0,0,0,0,0,21,0,2,0
5615,9,2,0,7,2,0,59,0,0,0,0,0,76,81,110,4
85136,0,0,0,0,0,0,0,0,0,0,0,0,0,0,1,0
5313,0,0,0,1,0,0,66,0,0,0,0,0,0,26,21,0
5607,0,0,2,2,0,0,41,0,0,0,0,0,46,30,24,29
68013,0,0,0,0,0,0,0,0,0,0,0,0,0,0,0,0
5360,25,6,8,5,12,0,24,0,0,0,0,3,27,121,15,3
5266,12,6,2,14,5,1,48,0,0,0,0,3,102,60,19,7
99524,0,0,0,0,0,0,0,0,0,0,0,0,0,15,13,0
5036,0,1,1,0,0,0,0,0,0,0,0,0,0,1,5,0
68264,0,0,0,0,0,0,0,0,0,0,0,0,0,0,16,2
5380,0,0,0,2,0,0,9,0,0,0,0,8,0,1,0,5
68770,0,1,1,2,0,0,0,0,0,0,0,1,0,0,3,1
15368,0,0,0,3,0,0,8,0,0,0,0,0,0,0,0,0
68250,0,0,0,8,0,0,0,0,0,0,0,1,0,0,0,0
5209,0,1,1,0,0,0,5,0,0,0,0,0,0,12,0,1
5631,4,1,1,1,4,0,67,0,0,0,0,0,32,3,8,0
5697,0,1,0,0,0,0,22,0,0,0,0,0,0,4,7,0
15720,0,0,0,0,0,0,0,0,0,0,0,0,0,0,5,1
68673,0,0,0,0,0,0,0,0,0,0,0,0,0,0,0,0
15839,0,0,0,6,0,0,0,0,0,0,0,1,0,0,31,1
5809,0,1,0,0,0,0,0,0,0,0,0,0,23,9,0,0
5148,3,1,1,5,2,0,43,0,0,0,0,0,9,25,4,0
5660,0,1,2,4,0,0,0,0,0,0,0,0,0,6,1,5
15755,0,1,0,11,1,0,1,0,0,0,0,1,0,2,6,0
5129,0,2,0,0,0,0,30,0,0,0,0,0,13,11,12,0
68179,0,0,1,0,1,0,0,0,0,0,0,0,0,0,5,6
5642,0,1,1,1,4,0,38,0,0,0,0,0,0,22,23,3
85315,0,0,0,0,0,0,0,0,0,0,0,0,0,0,1,0
68773,0,0,0,18,0,0,0,0,0,0,0,0,0,0,0,1
5197,4,5,2,2,3,0,39,0,0,0,0,0,0,9,8,1
85250,0,1,0,1,0,0,0,0,0,0,0,0,8,1,43,1
15686,0,0,1,1,1,0,0,0,0,0,0,0,0,0,2,0
5030,0,1,0,1,3,0,0,0,0,0,0,0,8,10,24,0
15723,0,0,0,0,0,0,0,0,0,0,0,0,0,0,0,0
68327,0,0,1,0,1,0,0,0,0,0,0,0,0,0,4,0
15537,0,1,1,4,1,0,0,0,0,0,0,0,0,0,7,0
5376,2,0,1,1,2,0,58,0,0,0,0,0,22,12,9,1
27025,0,0,0,0,0,0,0,0,0,0,0,0,0,0,1,0
15757,0,1,1,1,1,0,0,0,0,0,0,0,0,0,4,0
5400,0,0,0,0,0,0,37,0,0,0,0,0,8,18,1,0
15087,1,0,1,6,1,0,0,0,0,0,0,6,0,0,38,8
15185,0,0,0,0,0,0,0,0,0,0,0,0,0,0,1,0
15664,0,1,1,0,1,0,0,0,0,0,0,0,1,0,6,1
5591,0,1,1,0,0,0,137,0,0,0,0,0,0,7,33,1
85400,0,0,0,0,0,0,0,0,0,0,0,0,0,0,9,0
68298,1,1,0,0,0,0,0,0,0,0,0,0,4,0,38,4
5861,1,2,0,2,0,0,27,0,0,0,0,0,18,11,2,0
27495,0,0,0,0,0,0,0,0,0,0,0,0,0,0,0,0
68077,0,0,0,0,0,0,0,0,0,0,0,0,1,0,3,0
68377,0,0,1,24,0,0,0,0,0,0,0,0,0,0,6,0
5679,0,3,0,2,1,0,28,0,0,0,0,0,0,4,2,0
68324,0,0,0,1,0,0,0,0,0,0,0,0,0,0,3,2
27245,0,0,0,0,0,0,0,0,0,0,0,0,12,0,12,0
15162,0,0,0,0,0,0,0,0,0,0,0,0,0,0,0,1
15516,6,1,1,6,4,0,74,0,0,0,0,1,0,21,18,40
15238,23,2,1,12,13,0,120,0,0,0,0,2,47,90,150,413
5467,0,2,1,1,1,0,12,0,0,0,0,0,0,20,4,1
5282,1,1,1,0,3,0,23,0,0,0,0,0,7,12,27,0
15693,0,1,0,2,2,0,0,0,0,0,0,2,0,0,16,43
5652,0,0,0,0,0,0,0,0,0,0,0,0,0,0,1,0
15092,0,0,0,0,0,0,0,0,0,0,0,0,0,0,1,0
15816,0,1,1,7,1,0,0,0,0,0,0,0,0,0,12,0
15469,7,2,1,2,16,0,0,0,0,0,0,1,25,13,22,1
5792,0,1,0,0,0,0,11,0,0,0,0,0,9,3,0,9
15790,0,0,0,1,0,0,0,0,0,0,0,0,0,0,3,0
5101,1,0,0,0,0,0,43,0,0,0,0,0,24,0,14,0
68572,3,0,2,1,4,0,0,0,0,0,0,0,0,0,19,3
5002,0,1,1,2,0,0,56,0,0,0,0,0,3,25,14,0
5756,0,1,2,9,0,0,62,1,0,0,0,4,10,28,1,0
68368,0,0,0,2,0,0,0,0,0,0,0,2,0,0,6,3
15276,0,1,1,0,1,0,0,0,0,0,0,0,0,0,11,3
15507,0,0,0,13,0,0,0,0,0,0,0,0,20,0,29,0
5576,0,2,1,0,0,0,4,0,0,0,0,0,2,6,5,3
5368,0,1,1,2,0,0,0,0,0,0,0,0,3,0,6,1
68271,0,0,0,18,0,0,0,0,0,0,0,0,0,0,6,0
68020,0,0,0,3,0,0,0,0,0,0,0,0,0,0,18,5
15215,0,0,0,1,0,0,0,0,0,0,0,0,12,0,8,2
15763,0,0,0,0,0,0,0,0,0,0,0,0,0,0,28,0
15114,0,0,0,0,0,0,0,0,0,0,0,0,0,0,1,0
15550,0,0,0,0,0,0,0,0,0,0,0,0,0,0,0,0
5390,1,2,1,2,0,0,31,0,0,0,0,0,2,16,0,12
15051,0,0,0,1,0,0,0,0,0,0,0,0,3,0,4,1
25885,0,0,0,21,0,0,37,0,0,0,0,0,0,0,7,0
15296,0,0,0,0,1,0,0,0,0,0,0,8,0,0,13,0
85263,0,0,0,0,0,0,0,0,0,0,0,0,7,0,3,1
5353,0,0,0,0,0,0,0,0,0,0,0,0,0,0,0,0
15533,0,1,1,5,0,0,0,0,0,0,0,0,0,0,24,5
15531,0,0,0,26,0,0,0,0,0,0,0,1,16,0,8,0
5789,0,2,0,1,0,0,0,0,0,0,0,0,2,4,0,2
5091,0,1,0,0,1,0,0,0,0,0,0,0,0,0,0,0
15293,0,1,1,2,1,0,0,0,0,0,0,0,0,2,38,2
15204,3,4,1,2,5,0,0,0,0,0,0,1,25,4,13,0
15491,0,0,0,1,1,0,0,0,0,0,0,1,33,8,28,21
15806,0,0,1,1,0,0,0,0,0,0,0,1,0,6,51,19
25572,1,0,0,0,0,0,0,0,0,0,0,0,0,13,4,0
15696,1,0,1,1,1,0,0,0,0,0,0,9,0,1,12,0
15820,0,1,1,1,0,0,0,0,0,0,0,0,0,0,16,0
15632,0,0,1,0,0,0,0,0,0,0,0,0,4,0,10,1
5034,1,1,0,0,0,0,0,0,0,0,0,0,0,13,18,0
5055,1,0,1,26,1,0,0,0,0,0,0,0,0,18,0,0
15681,0,0,0,15,0,0,0,0,0,0,0,0,4,0,2,0
15464,0,0,0,0,0,0,0,0,0,0,0,0,0,0,6,0
15759,0,0,1,2,7,0,0,0,0,0,0,1,14,10,32,41
5856,0,2,0,0,0,0,0,0,0,0,0,0,0,12,0,7
27413,0,0,0,0,0,0,0,0,0,0,0,0,0,0,0,0
17013,0,0,0,1,3,0,112,0,0,0,0,0,0,34,1,5
15832,0,0,0,1,0,0,0,0,0,0,0,0,0,0,0,0
15466,0,0,0,0,0,0,0,0,0,0,0,0,0,0,4,0
15176,1,1,1,7,10,0,0,0,0,0,0,5,21,8,8,0
15106,0,0,0,5,0,0,0,0,0,0,0,0,4,0,0,0
15837,0,0,1,1,0,0,0,0,0,0,0,1,0,4,101,0
85225,0,0,0,0,0,0,0,0,0,0,0,0,13,0,39,1
15407,2,0,3,18,5,0,12,0,0,0,0,3,4,9,67,2
15272,0,0,1,0,0,0,0,0,0,0,0,0,0,1,2,0
15776,0,1,1,1,0,0,0,0,0,0,0,2,4,4,11,0
15476,0,0,0,0,0,0,0,0,0,0,0,0,0,2,13,0
5364,3,0,1,0,3,0,0,0,0,0,0,0,0,21,22,1
5483,0,1,1,49,0,0,0,0,0,0,0,0,0,4,0,0
15377,0,0,0,0,0,0,0,0,0,0,0,0,2,0,1,2
15232,0,0,0,0,0,0,5,0,0,0,0,0,1,0,0,0
27073,0,0,0,0,0,0,0,0,0,0,0,0,1,0,1,0
15442,0,0,0,4,0,0,0,0,0,0,0,1,0,0,10,0
15580,0,1,0,1,0,0,0,0,0,0,0,0,0,0,1,0
15500,2,1,0,6,1,0,0,0,0,0,0,4,0,8,89,2
15047,0,0,0,3,1,0,6,0,0,0,0,0,4,0,13,6
15362,0,0,3,1,0,0,0,0,0,0,0,0,0,0,0,1
15814,0,0,0,3,0,0,0,0,0,0,0,3,0,3,60,0
15762,0,0,0,1,0,0,0,0,0,0,0,0,5,0,0,0
15001,4,6,6,8,8,0,0,0,0,0,0,1,47,76,53,16
15808,0,0,0,1,0,0,0,0,0,0,0,0,2,0,14,0
15542,0,0,0,0,0,0,0,0,0,0,0,0,0,7,8,1
15187,0,1,1,5,0,0,0,0,0,0,0,1,0,8,122,0
15131,0,0,0,0,0,0,0,0,0,0,0,0,2,0,5,1
15638,0,0,0,2,0,0,0,0,0,0,0,0,0,0,0,0
15676,0,0,0,0,0,0,0,0,0,0,0,0,0,0,7,0
5145,0,1,1,0,1,0,0,0,0,0,0,0,0,15,1,0
15480,0,0,0,2,0,0,0,0,0,0,0,0,0,0,16,0
15226,0,0,0,0,0,0,0,0,0,0,0,0,0,0,2,0
17513,1,0,0,2,1,0,53,0,0,0,0,0,0,16,6,0
17867,0,0,0,10,0,0,118,0,0,0,0,0,0,19,5,0
25745,0,0,0,0,0,0,0,0,0,0,0,0,0,0,0,0
15600,0,0,0,3,0,0,0,0,0,0,0,0,0,4,17,0
27077,0,0,0,0,0,0,0,0,0,0,0,0,0,0,0,0
15224,0,1,0,0,1,0,0,0,0,0,0,0,1,6,0,1
85325,0,0,0,0,0,0,0,0,0,0,0,0,0,0,26,1
15822,0,0,0,0,0,0,0,0,0,0,0,0,0,0,1,0
85001,21,5,3,11,18,0,152,2,1,0,0,1,29,15,118,450
25148,0,0,0,15,0,0,0,0,0,0,0,0,0,0,8,0
85430,0,0,0,0,1,0,0,0,0,0,0,0,0,0,60,0
15646,0,0,0,1,0,0,0,0,0,0,0,0,0,0,3,0
99624,0,0,1,0,0,0,0,0,0,0,0,0,0,8,15,0
17541,1,1,0,27,1,0,0,0,0,0,0,0,0,11,0,5
17614,0,0,0,1,0,0,0,0,0,0,0,0,0,15,1,0
15740,0,1,1,1,0,0,0,0,0,0,0,0,0,2,37,0
15401,0,0,0,0,0,0,0,0,0,0,0,0,0,0,0,0
15109,0,0,0,0,0,0,0,0,0,0,0,0,0,0,2,0
17442,0,0,0,0,0,0,0,0,0,0,0,0,0,5,0,0
17777,3,0,0,0,7,0,0,0,0,0,0,0,0,14,0,0
15212,0,0,0,4,0,0,0,0,0,0,0,0,0,0,3,0
15764,1,0,0,1,0,0,0,0,0,0,0,0,0,17,30,27
25779,0,0,0,0,0,0,0,0,0,0,0,0,0,0,2,0
66456,0,1,1,1,0,0,0,0,0,0,0,0,3,0,22,0
25317,0,0,0,1,1,0,0,0,0,0,0,0,0,0,13,4
25288,0,0,0,0,0,0,0,0,0,0,0,0,0,0,15,0
15879,0,0,0,2,0,0,8,0,0,0,0,2,0,17,29,14
17653,1,0,0,4,5,1,0,0,0,0,0,1,0,35,1,5
99773,null,null,null,null,null,null,null,null,null,null,null,null,null,null,null,null
25154,3,2,0,0,1,0,0,0,0,0,0,0,0,0,7,0
25518,0,0,0,22,0,0,0,0,0,0,0,0,0,0,0,0
15621,0,0,0,0,0,0,0,0,0,0,0,0,0,1,20,0
15104,0,0,0,2,0,0,0,0,0,0,0,0,0,4,24,3
17388,0,0,0,0,0,0,62,0,0,0,0,0,0,7,0,0
25394,0,0,0,1,0,0,0,0,0,0,0,0,0,0,2,0
27135,0,0,0,0,0,0,0,0,0,0,0,0,0,0,3,0
15518,0,0,0,1,0,0,24,0,0,0,0,0,16,0,6,6
15861,0,1,1,2,0,0,0,0,0,0,0,0,0,3,169,2
25320,1,1,0,2,1,0,45,0,0,0,0,0,23,0,8,2
25653,0,0,0,1,0,0,0,0,0,0,0,0,0,0,2,0
25823,0,0,0,10,0,0,0,0,0,0,0,0,0,0,3,0
15599,0,1,0,4,0,0,10,0,0,0,0,1,0,10,69,3
15189,0,0,0,4,0,0,0,0,0,0,0,0,0,9,22,1
66572,0,1,0,0,0,0,0,0,0,0,0,0,9,0,7,0
15367,0,0,0,0,0,0,0,0,0,0,0,0,0,4,21,3
66594,0,0,1,0,1,0,0,0,0,0,0,0,0,0,0,0
15494,1,1,1,2,0,0,0,0,0,0,0,0,0,15,5,2
66318,0,1,2,1,1,0,0,0,0,0,0,0,0,19,0,0
27787,0,1,1,8,1,0,0,0,0,0,0,0,13,1,1,0
17272,1,0,0,0,0,0,80,0,0,0,0,0,0,3,0,0
25843,0,1,0,3,4,0,0,0,0,0,0,0,0,2,16,1
85010,0,0,0,2,4,0,14,0,0,0,0,0,19,19,77,41
25407,0,0,0,1,0,0,0,0,0,0,0,0,0,0,54,0
15804,0,1,0,1,0,0,0,0,0,0,0,1,0,1,3,0
85279,0,0,0,0,0,0,0,0,0,0,0,0,0,0,18,0
85015,0,0,0,0,0,0,0,0,0,0,0,0,0,0,15,0
15835,0,0,0,0,0,0,0,0,0,0,0,1,0,2,172,0
15897,0,0,0,0,0,0,0,0,0,0,0,0,0,4,15,2
17050,0,0,0,0,0,0,0,0,0,0,0,0,0,11,5,6
17446,0,0,0,0,0,0,0,0,0,0,0,0,0,5,5,0
25871,0,0,0,3,0,0,0,0,0,0,0,0,0,0,1,0
17444,0,1,0,11,0,0,0,0,0,0,0,0,0,1,6,1
25873,0,0,0,0,4,0,0,0,0,0,0,0,0,3,587,0
17433,0,0,0,0,0,0,0,0,0,0,0,0,0,9,0,2
25258,0,0,0,0,0,0,0,0,0,0,0,0,0,0,0,0
73443,1,1,0,4,2,0,60,0,0,0,0,0,0,4,12,0
73349,0,0,0,0,0,0,2,0,0,0,0,0,0,0,3,0
25224,0,0,1,0,0,0,0,0,0,0,0,0,0,2,7,1
17042,0,0,0,0,3,0,28,0,0,0,0,0,0,9,0,0
73283,0,2,2,2,0,0,6,0,0,0,0,0,0,3,0,3
15660,0,0,0,0,0,0,0,0,0,0,0,0,0,3,25,0
17486,0,0,0,1,0,0,41,0,0,0,0,0,0,14,47,14
25398,0,0,0,0,0,0,0,0,0,0,0,0,0,0,9,0
25513,2,2,1,4,3,0,4,0,0,0,0,1,0,2,68,3
25781,0,0,0,0,0,0,0,0,0,0,0,0,0,0,5,0
66088,0,0,1,7,4,0,0,0,0,0,0,1,0,20,0,0
15172,0,2,0,0,0,0,0,0,0,0,0,0,0,0,6,0
15090,0,0,0,0,0,0,0,0,0,0,0,0,0,11,38,0
15842,0,0,0,1,0,0,0,0,0,0,0,0,0,0,7,0
25793,0,0,0,1,0,0,0,0,0,0,0,0,0,0,15,0
25851,0,0,1,0,0,0,0,0,0,0,0,0,0,0,3,2
27205,0,0,0,1,0,0,0,0,0,0,0,0,0,3,2,0
66045,0,0,1,0,1,0,0,0,0,0,0,0,15,0,1,0
25183,1,0,0,1,0,0,28,0,0,0,0,0,4,5,35,6
27361,0,1,0,1,1,0,0,0,0,0,0,0,0,5,2,0
25772,0,1,0,1,0,0,9,0,0,0,0,0,0,9,37,1
15455,0,0,0,0,0,0,0,0,0,0,0,0,0,0,12,0
25489,0,0,0,0,0,0,0,0,0,0,0,0,0,0,4,0
25862,0,0,0,0,0,0,7,0,0,0,0,0,0,0,1,0
15514,0,1,1,0,0,0,0,0,0,0,0,1,0,1,19,18
85230,0,0,0,0,1,0,0,0,0,0,0,0,0,0,63,3
17616,0,0,0,0,0,0,31,0,0,0,0,0,7,13,0,1
15511,0,0,0,0,0,0,0,0,0,0,0,0,0,0,0,0
15299,0,0,0,0,0,0,9,0,0,0,0,2,3,0,11,0
73270,0,0,0,3,0,0,15,0,0,0,0,0,0,2,1,0
25200,0,3,1,1,1,0,0,0,0,0,0,1,7,19,7,0
17001,17,12,12,23,37,0,25,1,3,0,0,9,130,220,63,166
73347,0,0,1,0,0,0,17,0,0,0,0,0,0,4,4,1
85410,0,0,0,0,0,0,80,0,0,0,0,0,11,29,19,25
17665,2,0,0,0,1,0,0,0,0,0,0,0,7,12,1,4
25899,0,0,1,2,8,0,22,0,0,0,0,0,8,27,12,2
25592,0,0,0,0,0,0,9,0,0,0,0,0,0,0,0,0
73520,1,0,0,4,1,0,3,0,0,0,0,0,0,1,0,0
25486,0,0,0,0,0,0,0,0,0,0,0,0,0,5,3,0
15380,0,0,0,0,0,0,6,0,0,0,0,0,0,0,2,0
17524,1,0,2,1,1,0,22,0,0,0,0,0,0,8,2,0
17877,0,0,0,1,2,0,0,0,0,0,0,0,29,0,2,0
25426,0,1,0,0,0,0,9,0,0,0,0,0,1,0,0,0
73055,1,0,1,0,1,0,44,0,0,0,0,0,0,5,1,8
25807,0,1,0,2,0,0,11,0,0,0,0,0,7,0,15,0
73152,0,0,0,1,1,0,9,0,0,0,0,1,0,6,15,0
66687,0,0,0,0,2,0,0,0,0,0,0,0,1,0,7,0
25777,0,0,0,0,0,0,3,0,0,0,0,0,0,0,3,0
25491,0,0,0,0,0,0,0,0,0,0,0,0,0,0,0,0
15135,0,0,0,1,0,0,30,0,0,0,0,0,0,0,15,11
15798,0,0,0,0,0,0,7,0,0,0,0,0,2,0,0,0
25875,0,4,1,6,2,0,12,0,0,0,0,0,5,0,0,0
27491,0,0,0,0,0,0,0,0,0,0,0,0,0,0,1,0
25736,1,0,0,3,1,0,17,0,0,0,0,0,0,4,22,0
25769,0,0,0,0,0,0,24,0,0,0,0,0,0,2,28,2
17088,0,0,0,0,0,0,6,0,0,0,0,0,1,7,2,0
17174,2,2,2,2,1,0,1,0,0,0,0,1,1,19,0,14
85139,0,1,0,1,1,0,39,0,0,0,0,0,0,0,21,3
66383,0,0,0,0,0,0,0,0,0,0,0,0,0,0,0,0
25402,1,0,0,1,1,0,19,0,0,0,0,1,0,0,15,0
15322,0,0,0,0,0,0,0,0,0,0,0,0,1,7,4,20
66440,1,0,1,2,1,0,52,0,0,0,0,0,0,29,0,22
17873,0,0,1,4,0,0,1,0,0,0,0,0,9,2,26,2
25436,0,0,0,0,0,0,0,0,0,0,0,0,0,0,1,0
73870,0,0,0,5,0,0,0,0,0,0,0,0,0,8,9,1
15425,0,0,0,0,0,0,25,0,0,0,0,0,18,0,20,6
15778,0,0,0,3,0,0,5,0,0,0,0,0,3,3,18,0
25295,0,1,1,3,4,0,13,0,0,0,0,0,0,2,11,0
25718,0,0,0,1,0,0,5,0,0,0,0,0,9,3,4,0
25658,1,0,0,0,0,0,20,0,0,0,0,0,0,0,22,0
85162,0,0,0,0,2,0,0,0,0,0,0,1,22,10,29,22
25817,0,0,2,3,3,0,16,0,0,0,0,0,18,2,6,3
66075,0,0,0,0,0,0,0,0,0,0,0,0,4,0,0,0
25168,0,0,0,0,0,0,13,0,0,0,0,0,5,2,0,0
15761,0,0,0,0,0,0,0,0,0,0,0,0,0,0,4,0
25785,1,0,2,1,2,0,0,0,0,0,0,0,0,10,7,2
27660,0,0,0,0,0,0,0,0,0,0,0,0,0,0,0,0
15022,0,0,0,0,0,0,0,0,0,0,0,0,0,0,2,0
25326,0,1,0,2,1,0,20,0,0,0,0,0,0,4,23,0
76243,0,0,0,0,0,0,0,0,0,0,0,0,0,0,0,0
15325,0,0,0,0,0,0,0,0,0,0,0,0,0,0,0,0
85300,0,0,0,0,0,0,0,0,0,0,0,0,8,0,15,6
25126,4,1,1,3,4,0,31,0,0,0,0,0,0,38,34,10
25662,1,0,0,0,0,0,24,0,0,0,0,0,6,13,5,0
66682,3,3,4,12,8,0,0,0,0,0,0,0,47,12,23,4
25867,0,0,0,0,0,0,15,0,0,0,0,0,0,1,0,0
25758,0,0,0,0,0,0,22,0,0,0,0,0,2,3,13,8
15667,0,0,0,2,0,0,23,0,0,0,0,0,13,0,27,0
73411,2,3,1,7,4,0,0,0,0,0,0,1,0,22,18,2
73408,0,0,0,1,0,0,0,0,0,0,0,0,0,1,3,2
25019,0,0,0,1,0,0,0,0,0,0,0,0,9,6,0,0
25297,0,1,0,0,0,0,183,0,0,0,0,0,0,7,33,0
25328,0,0,0,0,0,0,0,0,0,0,0,0,0,1,0,0
15690,0,0,1,1,0,0,16,0,0,0,0,0,6,3,5,3
73030,0,0,0,0,0,0,0,0,0,0,0,0,0,8,0,5
66400,0,0,1,0,4,0,0,0,0,0,0,0,24,7,1,3
25322,0,1,0,3,0,0,113,0,0,0,0,0,9,18,29,1
25260,0,0,0,5,0,0,8,0,0,0,0,1,0,7,18,1
15236,0,0,0,0,0,0,12,0,0,0,0,0,0,0,0,0
25175,5,2,0,7,7,0,8,2,0,0,0,3,32,31,61,10
73461,0,0,0,1,0,0,0,0,0,0,0,0,0,2,8,2
66001,11,3,6,2,1,0,93,0,0,0,0,2,103,306,56,51
25799,1,0,0,0,1,0,74,0,0,0,0,0,0,24,40,3
25095,0,0,0,1,0,0,7,0,0,0,0,0,0,1,4,0
25269,2,1,2,7,6,0,9,0,0,0,0,1,16,9,10,5
66170,7,1,2,7,6,0,10,0,1,0,0,0,100,255,56,38
25839,0,0,0,0,0,0,107,0,0,0,0,0,0,0,5,0
76041,0,1,0,1,0,0,49,0,0,0,0,0,1,0,0,0
50568,0,0,0,0,0,0,0,0,0,0,0,1,5,47,124,1
25430,0,0,1,0,0,0,16,0,0,0,0,1,15,12,9,4
76246,0,0,0,0,0,0,0,0,0,0,0,0,0,0,0,0
25214,1,0,1,5,4,0,87,0,0,0,0,0,26,21,54,0
25086,0,1,1,0,0,0,0,0,0,0,0,0,7,7,5,8
25040,3,1,2,6,1,0,2,0,0,0,0,0,0,5,24,0
11001,1049,85,90,403,585,21,340,17,3,0,0,75,1425,2094,1352,419
25372,0,0,0,0,1,0,11,0,0,0,0,1,0,0,10,0
76147,2,0,2,2,6,0,28,0,0,0,0,0,10,29,0,2
27745,0,0,0,0,0,0,0,0,0,0,0,0,0,0,0,0
25377,7,1,1,8,6,0,77,0,0,0,0,0,55,21,162,33
76054,0,0,0,0,0,0,0,0,0,0,0,0,0,0,0,0
25898,0,0,1,2,0,0,0,0,0,0,0,1,0,22,24,0
73861,0,0,0,1,1,0,0,0,0,0,0,0,0,10,4,4
25596,0,0,0,2,0,0,5,0,0,0,0,0,0,0,5,0
73686,0,0,0,0,0,0,0,0,0,0,0,0,0,0,18,2
25286,23,0,1,11,11,0,35,0,0,0,0,0,78,65,172,8
25293,1,0,0,0,0,0,14,0,0,0,0,0,0,0,29,0
25299,0,0,0,0,0,0,0,0,0,0,0,0,0,0,1,0
25099,0,1,0,0,0,0,13,0,0,0,0,0,4,0,26,8
25839,0,0,0,0,0,0,15,0,0,0,0,0,0,3,8,3
25580,0,0,0,0,0,0,0,0,0,0,0,0,0,0,14,0
25123,0,0,1,0,1,0,10,0,0,0,0,0,0,1,23,0
76845,2,0,0,1,1,0,0,0,0,0,0,0,0,25,1,0
25797,0,0,0,1,0,0,27,0,0,0,0,0,7,1,5,0
25530,0,0,0,0,0,0,0,0,0,0,0,0,6,0,19,4
25473,0,0,0,0,0,0,49,0,0,0,0,0,14,1,4,1
73043,0,1,0,0,0,0,0,0,0,0,0,0,0,0,11,0
76863,0,0,0,0,0,0,0,0,0,0,0,0,0,0,0,0
63272,5,0,1,1,0,0,3,0,0,0,0,0,0,30,5,19
85440,0,0,0,0,1,0,0,0,0,0,0,0,5,0,156,3
63690,19,7,3,4,13,0,0,0,0,0,0,0,24,67,46,11
76823,0,0,0,0,0,0,52,0,0,0,0,0,1,3,0,0
73026,0,0,0,2,0,0,27,0,0,0,0,0,0,4,5,1
25386,0,0,2,2,1,0,86,0,0,0,0,4,6,3,68,0
76020,0,0,0,0,0,0,0,0,0,0,0,0,0,8,1,2
25279,0,2,1,2,2,0,0,0,0,0,0,0,0,10,54,0
50110,0,0,0,0,0,0,0,0,0,0,0,0,13,0,22,8
63190,3,0,1,0,3,0,0,0,0,0,0,1,0,59,8,0
73001,22,12,13,37,19,0,150,0,0,0,0,11,139,201,93,134
25181,1,1,0,4,1,0,0,0,0,0,0,0,0,17,119,2
25645,0,0,1,0,0,0,11,0,0,0,0,0,0,0,7,1
25368,0,0,0,0,0,0,34,0,0,0,0,0,0,0,2,0
25438,0,2,1,1,3,0,54,0,0,0,0,0,10,14,13,2
63594,1,0,0,0,0,0,0,0,0,0,0,0,0,13,2,0
25754,4,1,0,2,1,0,73,0,0,0,0,2,16,26,21,5
25035,0,0,0,0,0,0,12,0,0,0,0,1,29,1,0,4
73547,0,0,0,0,0,0,38,0,0,0,0,0,0,1,4,0
25599,0,1,0,0,0,0,6,0,0,0,0,0,12,2,7,3
76497,0,0,0,0,0,0,0,0,0,0,0,0,0,0,1,1
25245,0,1,1,2,2,0,12,0,0,0,0,0,0,2,6,0
25815,0,1,0,1,0,0,4,0,0,0,0,0,7,4,1,0
25324,0,0,0,0,0,0,12,0,0,0,0,0,10,0,5,1
73124,1,0,1,0,1,0,0,0,0,0,0,0,0,0,0,0
76400,0,0,0,0,0,0,21,0,0,0,0,0,7,12,10,0
63470,0,0,3,1,0,0,0,0,0,0,0,1,0,7,17,9
63001,46,3,13,3,22,0,0,0,0,0,0,0,106,151,32,28
76250,0,0,0,0,0,0,0,0,0,0,0,0,0,0,0,0
76403,3,0,0,0,2,0,0,0,0,0,0,0,0,13,0,0
25841,1,1,1,0,1,0,11,0,0,0,0,0,0,5,63,0
25312,1,1,1,1,1,0,0,0,0,0,0,0,0,0,9,0
63130,6,0,2,1,6,0,0,0,0,0,0,0,8,28,36,14
27250,0,0,0,0,0,0,0,0,0,0,0,0,0,0,0,0
25740,0,1,0,0,2,0,9,0,0,0,0,0,0,9,6,6
50686,0,0,1,1,1,0,0,0,0,0,0,0,0,0,5,0
76622,0,0,1,0,0,0,12,0,0,0,0,0,1,4,0,1
63401,0,0,1,0,2,0,0,0,0,0,0,0,0,26,14,5
25878,0,0,0,0,0,0,0,0,0,0,0,1,0,13,3,0
25743,1,1,1,5,0,0,0,0,0,0,0,0,0,2,2,1
73200,0,0,1,4,0,0,5,0,0,0,0,0,11,0,16,0
76895,7,3,2,2,8,0,0,0,0,0,0,14,9,42,2,5
25178,1,0,0,0,1,0,17,0,0,0,0,0,0,4,9,0
76736,9,1,3,8,2,0,0,0,0,0,0,0,0,33,6,127
50245,0,0,0,1,0,0,0,0,0,0,0,0,0,0,24,0
25151,0,1,0,0,0,0,45,0,0,0,0,0,0,13,9,0
25483,0,0,0,0,0,0,0,0,0,0,0,0,1,0,3,1
50124,0,0,0,0,0,0,0,0,0,0,0,0,0,0,45,0
76100,0,0,0,0,0,0,0,0,0,0,0,0,0,0,0,0
25307,6,1,3,1,8,0,0,0,0,0,0,2,76,34,15,95
76122,0,0,1,2,0,0,0,0,0,0,0,0,0,8,1,0
63212,0,1,1,0,1,0,0,0,0,0,0,0,0,1,7,0
63111,0,0,0,0,0,0,0,0,0,0,0,0,0,2,6,0
50606,2,1,3,7,12,0,20,0,0,0,0,0,24,44,17,5
25845,0,0,0,0,0,0,8,0,0,0,0,0,0,0,2,0
50573,0,0,0,2,0,0,9,0,0,0,0,0,9,3,18,0
25001,0,0,0,1,0,0,0,0,0,0,0,0,0,0,2,0
25535,0,0,0,0,0,0,0,0,0,0,0,0,0,0,1,0
25290,5,2,2,9,8,0,0,0,0,0,0,4,0,51,21,3
73624,2,2,1,8,2,0,40,0,0,0,0,2,0,8,7,0
25594,0,0,0,0,0,0,39,0,0,0,0,0,0,0,5,0
25805,0,0,0,0,0,0,0,0,0,0,0,0,0,0,1,0
63548,0,0,0,2,1,0,0,0,0,0,0,1,0,4,8,19
25612,1,0,0,0,1,0,20,0,0,0,0,0,6,6,5,24
25281,0,0,0,0,0,0,0,0,0,0,0,0,0,0,8,0
25488,0,0,0,0,2,0,0,0,0,0,0,5,0,1,1,18
63302,0,0,1,4,1,0,0,3,0,0,0,0,0,0,3,0
76113,1,2,1,0,0,0,0,0,0,0,0,1,5,30,4,0
73622,0,0,0,0,0,0,0,0,0,0,0,0,0,0,9,0
73678,0,0,0,2,0,0,0,0,0,0,0,0,0,3,1,0
50001,8,4,2,19,4,0,69,0,0,0,0,4,42,43,47,13
25339,0,0,0,0,0,0,0,0,0,0,0,0,0,0,3,0
50226,0,0,0,1,0,0,4,0,0,0,0,0,4,0,2,0
73275,0,0,0,1,0,0,0,0,0,0,0,0,14,0,3,1
25053,2,0,1,2,2,0,0,0,0,0,0,0,0,0,2,0
73854,0,1,1,0,0,0,9,0,0,0,0,0,0,0,0,0
76828,0,0,0,0,0,0,1,0,0,0,0,0,0,4,0,0
73449,5,1,0,2,0,0,0,0,0,0,0,0,0,25,7,4
73352,0,0,0,1,0,0,0,0,0,0,0,1,0,0,2,0
25335,0,0,0,0,0,0,7,0,0,0,0,0,0,0,8,0
73770,0,0,0,1,0,0,0,0,0,0,0,0,0,1,0,0
76109,0,2,0,2,2,0,33,0,0,0,0,0,34,32,8,11
25524,0,1,1,0,0,0,0,0,0,0,0,0,0,0,0,0
73148,0,0,1,0,1,0,0,0,0,0,0,1,0,5,7,0
76036,0,2,0,0,0,0,0,0,0,0,0,0,14,30,2,0
73268,1,1,4,15,3,0,0,0,1,0,0,1,36,0,1,29
73319,0,1,1,10,1,0,0,0,0,0,0,0,0,22,0,0
50006,0,1,0,1,1,0,0,0,0,0,0,1,13,0,16,0
25649,0,0,0,0,0,0,0,0,0,0,0,0,0,0,6,0
76616,0,0,0,0,0,0,3,0,0,0,0,0,1,1,0,0
76834,20,12,8,6,23,0,0,0,0,0,0,0,41,104,27,1
76670,0,0,0,1,0,0,11,0,0,0,0,0,2,24,1,0
73226,0,0,0,0,0,0,0,0,0,0,0,0,0,7,23,5
76126,0,0,0,0,0,0,0,0,0,0,0,0,0,28,0,0
73504,0,0,1,8,2,0,64,0,0,0,0,0,0,3,1,0
25506,0,0,0,1,0,0,0,0,0,0,0,0,0,0,0,0
73675,0,0,0,2,0,0,0,0,0,0,0,0,0,4,0,0
76890,0,0,0,0,1,0,42,0,0,0,0,0,0,21,0,0
50318,0,0,0,0,0,0,0,0,0,0,0,0,5,0,8,0
25120,0,0,0,0,0,0,0,0,0,0,0,0,0,0,4,0
76111,8,2,1,2,8,0,18,0,0,0,0,0,23,25,22,0
94001,null,null,null,null,null,null,null,null,null,null,null,null,null,null,null,null
73168,0,1,1,13,4,0,6,0,0,0,0,0,0,24,2,2
73585,0,0,0,2,1,0,0,0,0,0,0,0,0,11,0,0
50223,0,0,0,0,0,0,0,0,0,0,0,0,5,0,19,7
50680,0,0,0,0,0,0,0,0,0,0,0,0,0,0,4,0
73873,0,0,0,0,0,0,0,0,0,0,0,0,0,1,2,0
73671,0,0,0,1,0,0,0,0,0,0,0,0,0,2,0,1
73217,0,0,1,7,0,0,19,0,0,0,0,0,0,4,0,4
50150,0,1,1,0,3,0,0,0,0,0,0,2,0,0,2,1
76233,0,0,2,0,0,0,0,0,0,0,0,0,7,0,15,14
50689,0,1,0,1,0,0,0,0,0,0,0,0,4,2,6,0
76606,0,0,0,0,0,0,0,0,0,0,0,0,0,0,0,0
76869,0,0,0,1,0,0,9,0,0,0,0,0,0,0,18,0
76318,2,0,2,0,2,0,11,0,0,0,0,0,7,0,12,0
73563,0,0,1,0,0,0,0,0,0,0,0,0,0,6,7,0
76306,0,0,0,0,0,0,0,0,0,0,0,0,0,35,4,0
41206,0,0,0,2,0,0,0,0,0,0,0,0,0,0,3,0
76377,1,2,0,0,0,0,0,0,0,0,0,0,3,3,7,4
76248,2,1,2,4,0,0,43,0,0,0,0,0,25,18,41,6
73236,0,0,0,4,0,0,0,0,0,0,0,0,0,2,7,1
94886,0,0,0,0,0,0,0,0,0,0,0,0,0,0,0,0
76520,47,45,24,60,14,0,263,1,6,0,0,26,217,314,170,88
73616,1,0,0,9,0,0,0,0,0,0,0,0,0,1,13,0
50270,0,0,0,0,0,0,0,0,0,0,0,0,0,0,16,0
94343,0,0,0,0,0,0,0,0,0,0,0,0,0,0,4,0
73483,0,0,0,7,0,0,108,0,0,0,0,0,0,0,9,2
50370,0,1,0,2,0,0,0,0,0,0,0,0,0,1,22,0
50400,0,0,0,0,0,0,0,0,0,0,0,0,0,22,35,1
50251,0,0,0,0,0,0,0,0,0,0,0,0,0,0,32,0
76892,8,30,1,8,11,0,30,0,0,0,0,0,24,143,17,2
73067,0,0,0,18,0,0,0,0,0,0,0,0,0,9,10,6
50313,0,1,0,5,2,0,0,0,0,0,0,0,2,8,10,0
76001,81,271,21,52,55,0,154,0,0,0,0,3,561,989,122,37
50330,0,0,0,1,0,0,0,0,0,0,0,0,0,12,36,0
50287,0,0,0,0,0,0,0,0,0,0,0,0,0,2,1,0
73024,0,0,0,3,1,0,0,0,0,0,0,1,0,0,1,0
76563,1,0,1,0,2,0,0,0,0,0,0,0,12,8,19,0
50577,0,0,0,3,0,0,0,0,0,0,0,0,0,1,1,0
76130,1,16,8,13,1,0,104,0,0,0,0,2,8,114,50,5
50325,0,0,0,0,0,0,0,0,0,0,0,0,0,1,23,0
41872,1,1,1,1,0,0,80,0,0,0,0,0,0,17,31,9
41016,0,0,0,0,0,0,30,0,0,0,0,0,0,0,0,0
76275,2,5,3,9,5,0,0,0,0,0,0,0,18,5,13,0
73555,0,0,0,6,0,0,0,0,0,0,0,0,0,1,9,0
76364,2,3,1,13,3,0,128,0,0,0,0,3,0,84,32,18
50683,0,0,0,2,0,0,0,0,0,0,0,0,0,2,0,0
19573,0,1,0,3,0,0,5,0,0,0,0,0,0,22,2,0
19455,0,0,0,4,0,0,0,0,0,0,0,0,7,1,4,0
41078,0,1,1,4,1,0,0,0,0,0,0,2,0,0,1,0
19513,0,0,1,3,0,0,1,0,0,0,0,0,0,13,0,3
19418,0,0,0,1,0,0,0,0,0,0,0,0,0,0,0,0
41001,7,0,6,6,27,0,115,0,0,0,0,2,44,90,21,23
19142,0,2,0,5,0,0,0,0,0,0,0,0,15,14,22,39
19212,0,0,0,1,0,0,0,0,0,0,0,17,12,1,8,2
50711,5,4,1,13,2,0,0,0,0,0,0,2,0,11,61,0
41799,0,1,3,3,1,0,0,0,0,0,0,0,0,6,37,3
19698,4,1,1,4,5,0,60,0,0,0,0,0,14,9,30,25
50590,0,0,0,9,0,0,0,0,0,0,0,0,0,5,7,0
19110,0,1,1,2,2,0,62,0,0,0,0,0,0,22,19,1
19821,1,2,1,8,0,0,0,0,0,0,0,0,0,5,12,1
94884,null,null,null,null,null,null,null,null,null,null,null,null,null,null,null,null
41676,0,0,0,14,0,0,0,0,0,0,0,0,0,0,1,0
19809,0,0,0,0,0,0,0,0,0,0,0,0,0,0,0,0
41524,0,0,0,7,0,0,146,0,0,0,0,0,0,19,4,0
19780,0,0,0,2,0,0,0,0,0,0,0,0,0,0,0,0
19517,0,1,1,0,0,0,27,0,0,0,0,0,0,6,39,3
41801,0,0,0,21,0,0,0,0,0,0,0,0,0,8,3,0
19364,0,0,0,0,0,0,0,0,0,0,0,0,0,6,10,0
19137,0,0,0,23,0,0,37,0,0,0,0,0,0,1,9,1
19809,0,0,0,0,0,0,0,0,0,0,0,0,0,0,9,2
18753,0,0,1,3,1,0,0,0,0,0,0,0,0,8,21,0
19473,0,0,0,11,1,0,0,0,0,0,0,0,0,3,0,3
41357,0,0,0,8,0,0,20,0,0,0,0,0,0,9,4,0
41615,0,1,0,1,0,0,36,0,0,0,0,0,0,16,5,0
95001,null,null,null,null,null,null,null,null,null,null,null,null,null,null,null,null
19256,3,0,0,8,2,0,0,0,0,0,0,0,0,11,9,52
50450,0,0,0,6,0,0,0,0,0,0,0,0,0,9,3,0
19548,2,0,0,10,0,0,11,0,0,0,0,0,0,6,0,0
19743,4,4,2,10,0,0,0,0,0,0,0,0,0,8,3,6
19130,1,0,2,26,0,0,21,0,0,0,0,1,0,2,3,0
41483,0,0,0,11,0,0,0,0,0,0,0,0,0,0,0,0
41132,0,1,0,0,0,0,69,0,0,0,0,0,0,5,0,0
19318,1,0,0,6,0,0,0,0,0,0,0,0,0,0,78,50
41885,0,0,0,1,0,0,68,0,0,0,0,0,0,9,0,0
41020,0,0,0,0,0,0,0,0,0,0,0,0,0,4,0,0
41797,0,1,1,12,2,0,52,0,0,0,0,0,0,15,1,0
52696,0,0,0,0,0,0,0,0,0,0,0,0,0,0,0,0
19355,0,0,0,3,1,0,80,0,0,0,0,0,0,18,12,2
50350,0,0,1,5,0,0,0,0,0,0,0,0,0,25,43,0
52250,0,0,0,0,0,0,0,0,0,0,0,0,0,0,0,0
41349,0,0,0,0,0,0,8,0,0,0,0,0,0,4,1,0
19824,1,1,1,8,0,0,23,0,0,0,0,0,0,22,12,3
52473,0,0,0,0,0,0,0,0,0,0,0,0,0,0,0,0
52390,0,0,0,0,0,0,0,0,0,0,0,0,0,0,0,0
19001,40,5,11,30,13,0,96,0,0,0,0,2,36,132,36,476
41306,0,0,0,3,0,0,55,0,0,0,0,1,0,4,0,0
41396,1,2,1,19,4,0,0,0,0,0,0,0,0,25,29,3
94883,0,0,0,0,0,0,0,0,0,0,0,0,0,0,0,0
52490,0,0,0,0,0,0,0,0,0,0,0,0,0,0,0,0
19807,0,0,0,8,0,0,0,0,0,0,0,0,0,10,9,7
41518,0,0,0,1,0,0,0,0,0,0,0,0,0,1,3,0
52520,0,0,0,0,0,0,0,0,0,0,0,0,0,0,0,0
19760,0,1,1,12,1,0,5,0,0,0,0,0,0,3,10,31
19585,0,1,1,1,1,0,0,0,0,0,0,0,0,21,0,2
19050,2,1,0,9,0,0,0,0,0,0,0,0,0,0,0,0
41013,0,2,2,2,3,0,30,0,0,0,0,0,0,0,0,8
18592,3,1,1,4,2,0,0,0,0,0,0,0,0,19,54,7
19532,2,1,1,5,1,0,19,0,0,0,0,0,0,1,5,2
94887,0,0,0,0,0,0,0,0,0,0,0,0,0,0,4,0
41548,0,0,0,10,0,0,10,0,0,0,0,0,0,0,1,1
19622,0,0,0,4,0,0,0,0,0,0,0,0,0,14,2,2
41298,1,3,0,6,1,0,0,1,0,0,0,0,0,30,6,4
52621,0,0,0,0,0,0,0,0,0,0,0,0,0,0,0,0
19392,0,1,0,12,0,0,11,0,0,0,0,0,0,18,0,16
18247,0,0,0,5,0,0,0,0,0,0,0,0,0,9,21,4
95025,null,null,null,null,null,null,null,null,null,null,null,null,null,null,null,null
41378,0,0,0,0,0,0,0,0,0,0,0,0,0,1,1,0
19075,0,0,1,2,0,0,0,0,0,0,0,0,0,0,0,1
41791,0,0,0,7,0,0,12,0,0,0,0,0,0,0,0,0
52427,0,0,0,0,0,0,0,0,0,0,0,0,0,1,1,0
41503,0,0,1,4,0,0,0,0,0,0,0,2,0,0,2,0
52405,0,0,0,6,0,0,0,0,0,0,0,0,0,0,0,2
19397,0,1,0,42,1,0,0,0,0,0,0,0,0,30,10,8
18001,0,2,1,6,3,0,0,0,0,0,0,3,58,59,208,38
41660,0,0,0,19,0,0,0,0,0,0,0,0,0,1,11,0
41319,4,1,1,4,1,0,0,0,0,0,0,0,3,16,20,0
41668,0,0,0,16,0,0,0,0,0,0,0,0,0,1,14,2
41026,0,0,0,0,0,0,33,0,0,0,0,0,3,0,0,0
41359,0,0,1,16,0,0,0,0,0,0,0,0,0,30,13,0
52835,0,0,2,0,0,0,0,0,0,0,0,0,8,3,7,2
19100,1,0,1,7,0,0,0,0,0,0,0,0,0,8,3,0
41244,0,0,0,0,0,0,0,0,0,0,0,0,0,0,1,0
97777,0,0,0,0,0,0,0,0,0,0,0,0,0,0,0,0
41770,0,0,0,4,0,0,13,0,0,0,0,0,4,0,0,0
19693,0,3,0,8,1,0,0,0,0,0,0,0,0,1,5,2
41807,2,0,0,12,0,0,23,0,0,0,0,1,0,0,0,0
19022,2,0,0,2,0,0,0,0,0,0,0,0,0,2,9,0
95015,0,0,0,0,0,0,0,0,0,0,0,0,0,0,4,0
19450,8,1,0,2,0,0,0,0,0,0,0,0,0,3,1,0
41551,0,1,2,38,5,0,47,0,0,0,0,0,0,37,81,3
52540,0,0,0,3,0,0,0,0,0,0,0,0,0,0,4,0
19701,0,0,0,3,0,0,0,0,0,0,0,0,0,5,0,1
52256,0,0,0,1,0,0,0,0,0,0,0,0,0,0,0,0
41006,0,0,0,0,0,0,0,0,0,0,0,0,0,0,0,0
18256,0,0,0,2,0,0,0,0,0,0,0,0,0,5,7,0
95200,0,0,0,1,0,0,0,0,0,0,0,0,0,0,0,0
41530,0,0,0,0,0,0,0,0,0,0,0,0,0,0,2,0
18410,0,0,0,0,0,0,0,0,0,0,0,0,0,4,7,0
52233,0,0,0,0,0,0,0,0,0,0,0,0,0,0,1,0
52079,0,0,0,17,0,0,0,0,0,0,0,0,3,10,1,0
18094,0,2,1,2,1,0,0,0,0,0,0,1,0,7,6,4
19290,0,0,0,0,0,0,0,0,0,0,0,0,0,0,0,0
52418,0,0,0,0,0,0,0,0,0,0,0,0,0,0,8,0
52693,4,2,1,18,3,0,0,0,0,0,0,0,0,0,21,0
97161,0,0,0,0,0,0,0,0,0,0,0,0,0,0,0,0
52786,0,0,0,5,0,0,0,0,0,0,0,0,0,0,0,0
52203,0,0,0,4,0,0,0,0,0,0,0,0,0,0,2,0
52399,0,0,1,2,0,0,0,0,0,0,0,0,0,4,1,0
52687,0,0,0,3,0,0,0,0,0,0,0,0,0,0,0,0
94885,0,0,0,0,0,0,0,0,0,0,0,0,0,0,0,0
97001,0,1,2,8,0,0,0,0,0,0,0,0,0,0,1,0
52378,0,0,0,28,0,0,0,0,0,0,0,0,0,0,30,0
52083,0,0,0,1,0,0,0,0,0,0,0,0,0,0,2,0
18479,0,0,0,2,0,0,0,0,0,0,0,0,0,13,0,1
52385,0,0,0,0,0,0,0,0,0,0,0,0,0,0,2,0
52694,0,0,0,3,0,0,0,0,0,0,0,0,0,1,0,0
52685,0,0,0,4,0,0,0,0,0,0,0,0,0,0,4,0
52019,0,0,0,8,0,0,0,0,0,0,0,0,0,3,2,0
52051,0,0,0,0,0,0,0,0,0,0,0,0,0,3,0,0
52678,0,0,1,2,0,0,0,0,0,0,0,0,0,2,5,0
19533,0,0,1,12,0,0,0,0,0,0,0,0,0,0,57,0
52260,0,0,0,0,0,0,0,0,0,0,0,0,0,0,0,0
18610,0,0,0,1,0,0,0,0,0,0,0,0,0,0,29,3
52240,0,0,1,0,0,0,0,0,0,0,0,0,0,0,0,0
52258,0,0,0,26,0,0,0,0,0,0,0,0,0,0,1,0
52411,0,1,1,0,0,0,0,0,0,0,0,0,0,0,2,0
52612,0,0,0,1,0,0,0,0,0,0,0,0,2,0,0,0
52110,0,0,0,14,0,0,16,0,0,0,0,0,0,6,8,0
52699,0,0,0,0,0,0,0,0,0,0,0,0,0,0,0,0
52381,0,0,0,4,0,0,6,0,0,0,0,0,0,3,1,0
18150,0,0,0,0,0,0,0,0,0,0,0,0,0,0,46,0
86001,0,0,0,23,0,0,15,0,0,0,0,0,53,27,100,7
52683,0,0,0,4,0,0,0,0,0,0,0,0,0,7,1,0
18860,0,0,2,28,0,0,0,0,0,0,0,0,0,0,15,0
18460,0,0,0,10,0,0,0,0,0,0,0,0,0,0,22,0
18029,0,0,0,14,0,0,0,0,0,0,0,0,0,1,9,3
52001,24,14,11,26,15,0,211,0,0,0,0,9,40,79,8,12
52565,0,0,0,0,0,0,0,0,0,0,0,0,0,2,0,0
52435,0,0,0,0,0,0,0,0,0,0,0,0,5,0,1,0
52036,0,0,0,0,0,0,0,0,0,0,0,0,0,0,0,0
86755,0,0,0,5,0,0,0,0,0,0,0,0,6,0,2,7
52838,0,0,1,0,4,0,0,0,0,0,0,0,7,4,1,1
52207,0,1,1,4,1,0,0,0,0,0,0,0,0,9,2,0
86749,0,0,0,1,0,0,0,0,0,0,0,1,1,0,5,6
52320,0,0,0,0,0,0,0,0,0,0,0,0,0,0,0,0
18205,0,0,0,11,0,0,0,0,0,0,0,0,0,0,13,0
52885,0,0,0,0,0,0,0,0,0,0,0,0,0,3,0,0
86219,0,0,0,1,0,0,0,0,0,0,0,0,1,0,0,0
18756,null,null,null,null,null,null,null,null,null,null,null,null,null,null,null,null
52788,0,0,0,0,0,0,1,0,0,0,0,0,0,1,0,0
86760,0,0,0,3,0,0,0,0,0,0,0,0,3,0,0,0
52354,0,0,0,0,0,0,0,0,0,0,0,0,1,0,0,1
52720,0,0,0,0,0,0,0,0,0,0,0,0,4,0,3,1
52287,1,0,1,0,0,0,0,0,0,0,0,0,1,0,0,0
18785,0,1,0,11,0,0,0,0,0,0,0,0,0,0,7,0
52227,0,4,4,5,0,0,0,0,0,0,0,0,0,0,14,0
52506,1,1,0,1,0,0,0,0,0,0,0,1,7,0,15,19
86885,0,0,0,8,0,0,0,0,0,0,0,0,8,0,25,0
97889,0,0,0,0,0,0,0,0,0,0,0,0,0,0,0,0
52317,0,0,0,0,0,0,0,0,0,0,0,0,2,0,4,0
86571,0,0,0,0,0,0,0,0,0,0,0,0,0,0,1,0
52352,0,0,0,2,0,0,15,0,0,0,0,0,0,0,0,0
52585,0,2,0,0,0,0,15,0,0,0,0,0,4,2,3,0
52323,0,0,0,0,0,0,7,0,0,0,0,0,0,0,0,0
86320,0,0,0,56,0,0,0,0,0,0,0,0,25,5,24,0
52022,0,0,1,2,0,0,8,0,0,0,0,0,13,0,5,0
52210,0,0,0,2,0,0,9,0,0,0,0,0,0,0,0,0
52573,1,0,0,2,1,0,0,0,0,0,0,0,0,0,1,0
52224,0,0,0,1,0,0,12,0,0,0,0,0,0,0,5,0
52215,0,0,0,2,0,0,0,0,0,0,0,0,0,0,0,0
52356,2,4,7,8,6,0,12,0,0,0,0,1,31,21,90,0
52560,0,0,1,3,0,0,0,0,0,0,0,0,0,0,7,0
97511,null,null,null,null,null,null,null,null,null,null,null,null,null,null,null,null
86569,0,0,0,6,0,0,0,0,0,0,0,0,8,1,48,0
86573,0,0,1,14,0,0,0,0,0,0,0,0,0,2,6,0
86568,1,1,0,6,0,0,0,0,0,0,0,1,0,16,23,1
86865,0,0,0,25,0,0,0,0,0,0,0,0,1,1,12,0
86757,0,0,0,6,0,0,0,0,0,0,0,0,13,0,20,0
91460,0,0,0,0,0,0,0,0,0,0,0,0,0,0,0,0
97666,0,0,0,0,0,0,0,0,0,0,0,0,0,0,0,0
91669,0,0,0,0,0,0,0,0,0,0,0,0,0,0,0,0
91405,0,0,0,0,0,0,0,0,0,0,0,0,0,0,0,0
91407,0,0,0,0,0,0,0,0,0,0,0,0,0,0,0,0
91263,0,0,0,19,0,0,0,0,0,0,0,0,0,0,0,0
91798,0,0,0,2,0,0,0,0,0,0,0,0,0,0,0,0
91001,0,1,1,16,1,0,0,0,0,0,0,0,0,9,29,0
91540,0,1,0,17,0,0,0,0,0,0,0,0,0,0,1,0
70233,0,0,0,0,0,0,0,0,0,0,0,0,0,0,39,0
44420,0,0,0,1,0,0,0,0,0,0,0,0,9,1,7,0
44035,0,0,0,1,0,0,72,0,0,0,0,0,14,5,45,0
47980,0,0,0,0,0,0,77,0,0,0,0,0,0,0,82,0
47030,0,0,0,0,0,0,79,0,0,0,0,0,0,0,22,0
47205,0,0,1,0,0,0,0,0,0,0,1,1,0,0,46,2
47960,0,0,0,0,0,0,0,0,0,0,0,0,0,0,24,0
13062,0,0,0,0,0,0,49,0,0,0,0,0,0,0,10,0
47660,0,0,0,0,0,0,0,0,0,0,0,0,0,0,15,0
47460,0,0,0,0,0,0,0,0,0,0,0,0,1,0,38,0
47720,0,0,0,0,0,0,0,0,0,0,0,0,0,0,1,0
94663,0,0,0,0,0,0,0,0,0,0,0,0,0,0,4,0
94888,0,0,0,0,0,0,0,0,0,0,0,0,0,0,0,0
91430,0,0,0,0,0,0,0,0,0,0,0,0,0,0,0,0
91536,0,0,0,5,0,0,0,0,0,0,0,0,0,0,5,0
91530,0,0,0,13,0,0,0,0,0,0,0,0,0,0,0,0
52254,0,0,0,1,0,0,0,0,0,0,0,0,0,0,7,0
52480,0,1,0,0,0,0,12,0,0,0,0,0,0,5,10,0
19785,0,1,1,2,0,0,0,0,0,0,0,0,0,3,3,4
19845,0,0,0,2,0,0,0,0,0,0,0,0,0,1,0,1
70820,0,0,0,0,1,0,6,0,0,0,0,1,12,0,4,0
70221,0,0,0,0,0,0,30,0,0,0,0,0,3,5,0,0
17380,0,0,0,0,0,0,192,0,0,0,0,0,0,8,6,0
17495,0,0,0,43,0,0,16,0,0,0,0,0,0,6,24,0
17662,0,1,1,11,0,0,0,0,0,0,0,1,0,12,3,0
27425,0,0,0,0,0,0,0,0,0,0,0,0,0,0,0,0
27050,0,0,0,0,0,0,0,0,0,0,0,1,11,0,1,0
27600,0,0,0,0,0,0,0,0,0,0,0,0,0,0,4,0
27160,0,0,0,1,0,0,0,0,0,0,0,0,4,1,1,0
27810,0,0,0,1,0,0,0,0,0,0,0,0,0,4,1,0
27430,0,0,0,0,0,0,0,0,0,0,0,0,0,0,0,0
27580,0,0,0,0,0,0,0,0,0,0,0,0,0,0,0,0
27450,0,0,0,0,0,0,0,0,0,0,0,0,0,0,0,0
27086,0,0,0,8,0,0,0,0,0,0,0,0,0,0,48,0
5480,2,1,2,1,1,0,0,0,0,0,0,0,0,0,8,0
27150,0,0,0,1,0,0,0,0,0,0,0,0,0,0,3,0
88001,null,null,null,null,null,null,null,null,null,null,null,null,null,null,null,null
88000,null,null,null,null,null,null,null,null,null,null,null,null,null,null,null,null
88564,null,null,null,null,null,null,null,null,null,null,null,null,null,null,null,null
