codmun,pharmacy,hospital,police,school,bank,embassy,tower,commercial,industrial,government,supermarket,park,primary,secondary,unpaved,paved
1,21,1,9,7,17,1,44,0,2,0,0,0,123,159,null,47
2,0,0,0,2,3,0,0,0,0,0,0,0,5,6,0,1
3,5,null,1,1,0,0,26,1,0,0,0,0,27,39,9,47
4,5,2,6,17,8,0,7,1,0,0,0,0,15,76,6,13
5,1,0,0,null,2,0,0,0,0,0,0,0,13,8,4,1
6,1,0,6,22,1,1,0,0,0,0,0,0,11,4,20,0
7,1,4,1,2,3,0,0,0,0,0,0,0,0,35,2,1
8,2,0,0,1,1,0,37,0,0,0,0,0,24,3,8,28
9,1,0,2,0,1,0,0,0,0,0,0,1,0,53,4,2
10,1,0,1,1,3,0,0,0,0,0,0,1,0,41,2,0
11,4,6,13,23,17,1,2,2,0,0,0,2,60,105,89,17
12,0,0,1,2,0,0,40,0,0,0,0,0,16,15,10,0
13,7,0,3,17,4,0,1,0,0,0,0,0,11,29,29,31
14,4,1,8,42,8,0,11,0,0,0,0,0,30,12,14,0
15,0,0,0,1,2,0,0,0,0,0,0,0,0,9,0,1
16,5,0,0,0,3,0,0,0,0,0,0,0,2,17,11,0
17,10,6,7,10,10,0,12,0,0,0,0,1,35,70,22,12
18,7,0,1,1,2,0,0,0,0,0,0,0,0,21,26,4
19,1,0,3,2,1,0,10,0,0,0,0,0,8,16,7,10
20,4,1,4,4,5,1,0,0,0,0,0,0,0,44,14,11
21,0,0,1,3,0,0,1,0,0,0,0,1,0,13,6,1
22,1,1,4,1,2,0,22,0,0,0,0,0,20,20,18,8
23,0,1,3,10,2,0,13,0,0,0,0,0,28,18,36,3
24,0,0,0,2,0,0,81,0,0,0,0,0,9,3,75,4
25,1,0,0,6,0,0,93,0,0,0,0,0,0,26,122,0
26,1,0,1,7,2,0,113,0,0,0,0,0,6,18,63,0
27,0,0,1,0,0,0,33,0,0,0,0,0,11,23,29,15
28,0,0,2,1,1,0,0,0,0,0,0,0,0,25,2,1
29,null,null,null,null,null,null,null,null,null,null,null,null,null,null,null,null
30,0,0,0,2,1,0,149,0,0,0,0,0,5,2,10,5
31,0,0,2,6,1,0,0,0,0,0,0,0,5,16,69,2
32,3,0,6,16,7,0,0,0,0,0,0,0,29,98,233,28
33,5,1,1,4,7,0,0,0,0,0,0,0,0,90,139,5
34,0,0,2,5,1,0,43,0,0,0,0,0,0,47,23,9
35,2,0,1,0,0,0,19,0,0,0,0,1,0,34,6,7
36,4,1,0,1,5,0,16,0,2,0,0,0,3,48,1,2
37,0,0,0,2,0,0,0,0,0,0,0,0,1,24,4,0
38,18,3,5,6,18,1,23,0,0,0,0,5,41,89,20,8
39,0,0,1,0,2,0,0,0,0,0,0,1,1,33,2,2
40,2,0,3,2,3,0,5,0,0,0,0,0,9,19,8,15
41,1,0,1,1,0,0,15,0,0,0,0,0,0,30,4,3
42,1,1,2,0,2,0,17,0,0,0,0,0,0,42,8,13
43,3,1,0,1,3,0,42,0,0,0,0,1,16,25,2,3
44,4,1,8,100,6,0,0,0,0,0,0,12,25,16,28,4
45,0,0,4,2,2,0,38,0,0,0,0,0,21,21,20,16
46,0,0,2,4,0,0,8,0,0,0,0,0,32,26,14,6
47,0,0,3,0,0,0,31,0,0,0,0,0,9,0,25,0
48,0,0,2,1,0,0,0,0,0,0,0,1,0,0,0,0
49,0,0,1,4,0,0,4,0,0,0,0,0,1,0,3,0
50,2,0,0,2,1,0,32,0,0,0,0,0,15,8,168,1
51,4,0,5,1,5,0,0,0,0,0,0,0,0,28,68,1
52,1,0,2,5,3,0,0,0,0,0,0,0,0,6,90,0
53,2,2,6,3,8,0,66,0,0,0,0,0,0,30,0,0
54,0,0,2,4,4,0,0,0,0,0,0,0,0,3,5,1
55,1,0,3,4,5,0,61,0,0,0,0,0,9,9,28,8
56,3,1,2,0,2,0,0,0,0,0,0,0,0,0,24,1
57,0,0,1,4,1,0,0,0,0,0,0,0,0,13,6,0
58,0,0,4,6,2,0,22,0,0,0,0,0,0,4,3,0
59,0,0,0,2,1,0,0,0,0,0,0,0,0,1,34,0
60,0,0,1,1,0,0,0,0,0,0,0,0,0,3,34,2
61,null,null,null,null,null,null,null,null,null,null,null,null,null,null,null,null
62,1,0,1,0,1,0,20,0,0,0,0,0,0,9,4,0
63,4,0,4,4,4,0,19,0,0,0,0,0,0,76,4,6
64,3,0,1,7,1,0,18,0,0,0,0,0,0,22,4,2
65,14,1,1,1,9,9,0,0,0,0,0,3,41,77,3,22
66,8,6,10,13,5,3,18,1,0,0,0,4,0,217,22,16
67,1,0,0,2,1,0,0,0,0,0,0,0,0,10,19,0
68,10,0,6,2,8,7,11,1,0,0,0,0,0,72,9,13
69,15,2,5,5,6,1,1,1,0,0,0,1,0,104,3,4
70,1,0,1,1,1,0,11,0,0,0,0,0,0,13,3,0
71,6,0,3,2,8,2,1,0,0,0,0,2,11,61,5,17
72,2,1,5,1,1,0,4,0,0,0,0,2,0,35,20,5
73,1,0,2,0,0,0,6,0,0,0,0,2,11,15,2,0
74,5,1,4,4,14,0,1,0,0,0,0,1,0,29,490,0
75,2,2,3,15,2,0,26,0,0,0,0,0,0,29,19,10
76,36,4,15,6,21,43,49,1,0,0,0,0,92,355,8,60
77,12,4,0,7,1,1,6,0,0,0,0,5,0,43,35,2
78,0,0,0,1,0,0,0,0,0,0,0,0,0,6,5,0
79,6,0,1,0,1,0,19,0,0,0,0,1,17,20,0,5
80,0,0,0,9,0,0,68,0,0,0,0,0,0,3,7,0
81,0,0,0,1,0,0,7,0,0,0,0,0,3,2,6,0
